MIN=0	0	0	0	0	
MAX=5000	1	1	310	0.1	
SCALE=1000	0.5	0.5	100	0.05	
DEC=0	3	3	0	4	
DEF="Time" t / s	"Voltage" U_A1 / V	"Voltage" U_B1 / V	"Temperatur" T / K	"Frequency" f / Hz	
0	-0.027	0.216	300.15	NAN	
5	-0.028	0.2195	301.15	NAN	
10	-0.026	0.218	299.15	NAN	
15	-0.0265	0.2185	299.65	NAN	
20	-0.029	0.2185	302.15	NAN	
25	-0.0285	0.2185	301.65	NAN	
30	-0.028	0.2185	301.15	NAN	
35	-0.0285	0.2185	301.65	NAN	
40	-0.028	0.219	301.15	NAN	
45	-0.028	0.2175	301.15	NAN	
50	-0.0285	0.219	301.65	NAN	
55	-0.028	0.2185	301.15	NAN	
60	-0.0295	0.218	302.65	NAN	
65	-0.029	0.217	302.15	NAN	
70	-0.03	0.2205	303.15	NAN	
75	-0.03	0.219	303.15	NAN	
80	-0.03	0.219	303.15	NAN	
85	-0.0285	0.218	301.65	NAN	
90	-0.028	0.219	301.15	NAN	
95	-0.0275	0.217	300.65	NAN	
100	-0.028	0.22	301.15	NAN	
105	-0.03	0.2195	303.15	NAN	
110	-0.0285	0.218	301.65	NAN	
115	-0.0295	0.22	302.65	NAN	
120	-0.0275	0.22	300.65	NAN	
125	-0.029	0.2175	302.15	NAN	
130	-0.029	0.22	302.15	NAN	
135	-0.0305	0.2205	303.65	NAN	
140	-0.0295	0.219	302.65	NAN	
145	-0.0285	0.217	301.65	NAN	
150	-0.0295	0.2205	302.65	NAN	
155	-0.0275	0.22	300.65	NAN	
160	-0.028	0.222	301.15	NAN	
165	-0.03	0.219	303.15	NAN	
170	-0.0305	0.219	303.65	NAN	
175	-0.0305	0.2205	303.65	NAN	
180	-0.031	0.2205	304.15	NAN	
185	-0.03	0.22	303.15	NAN	
190	-0.03	0.2185	303.15	NAN	
195	-0.0285	0.218	301.65	NAN	
200	-0.028	0.22	301.15	NAN	
205	-0.0305	0.2205	303.65	NAN	
210	-0.03	0.2185	303.15	NAN	
215	-0.0295	0.218	302.65	NAN	
220	-0.03	0.22	303.15	NAN	
225	-0.0295	0.2195	302.65	NAN	
230	-0.029	0.2205	302.15	NAN	
235	-0.029	0.22	302.15	NAN	
240	-0.0295	0.22	302.65	NAN	
245	-0.03	0.2205	303.15	NAN	
250	-0.03	0.2205	303.15	NAN	
NAN	NAN	NAN	NAN	NAN	
0	-0.0285	0.218	301.65	NAN	
5	-0.03	0.221	303.15	NAN	
10	-0.029	0.22	302.15	NAN	
15	-0.0285	0.221	301.65	NAN	
20	-0.0285	0.219	301.65	NAN	
25	-0.029	0.2185	302.15	NAN	
30	-0.0275	0.218	300.65	NAN	
35	-0.0255	0.2155	298.65	NAN	
40	-0.025	0.215	298.15	NAN	
45	-0.0245	0.2165	297.65	NAN	
50	-0.0215	0.216	294.65	NAN	
55	-0.019	0.215	292.15	NAN	
60	-0.0175	0.2145	290.65	NAN	
65	-0.016	0.213	289.15	NAN	
70	-0.012	0.211	285.15	NAN	
75	-0.01	0.21	283.15	NAN	
80	-0.007	0.207	280.15	NAN	
85	-0.0045	0.2065	277.65	NAN	
90	-0.002	0.208	275.15	NAN	
95	0.0005	0.208	272.65	NAN	
100	0.0045	0.2085	268.65	NAN	
105	0.0065	0.208	266.65	NAN	
110	0.011	0.207	262.15	NAN	
115	0.014	0.2065	259.15	NAN	
120	0.018	0.206	255.15	NAN	
125	0.021	0.205	252.15	NAN	
130	0.024	0.203	249.15	NAN	
135	0.0275	0.2025	245.65	NAN	
140	0.0305	0.202	242.65	NAN	
145	0.034	0.2025	239.15	NAN	
150	0.039	0.2015	234.15	NAN	
155	0.042	0.2025	231.15	NAN	
160	0.043	0.2015	230.15	NAN	
165	0.0475	0.199	225.65	NAN	
170	0.0525	0.1985	220.65	NAN	
175	0.055	0.2005	218.15	NAN	
180	0.057	0.1985	216.15	NAN	
185	0.0625	0.197	210.65	NAN	
190	0.0655	0.198	207.65	NAN	
195	0.0685	0.1975	204.65	NAN	
200	0.069	0.1965	204.15	NAN	
205	0.0735	0.1945	199.65	NAN	
210	0.0765	0.1925	196.65	NAN	
215	0.0795	0.187	193.65	NAN	
220	0.082	0.1925	191.15	NAN	
225	0.0845	0.193	188.65	NAN	
230	0.089	0.192	184.15	NAN	
235	0.0905	0.191	182.65	NAN	
240	0.0945	0.189	178.65	NAN	
245	0.0965	0.1885	176.65	NAN	
250	0.0985	0.189	174.65	NAN	
255	0.1005	0.188	172.65	NAN	
260	0.103	0.1855	170.15	NAN	
265	0.1065	0.185	166.65	NAN	
270	0.1085	0.187	164.65	NAN	
275	0.1125	0.184	160.65	NAN	
280	0.114	0.1825	159.15	NAN	
285	0.116	0.182	157.15	NAN	
290	0.118	0.1815	155.15	NAN	
295	0.1195	0.1815	153.65	NAN	
300	0.1225	0.1825	150.65	NAN	
305	0.1245	0.1815	148.65	NAN	
310	0.1245	0.182	148.65	NAN	
315	0.1275	0.18	145.65	NAN	
320	0.1295	0.1785	143.65	NAN	
325	0.1305	0.1785	142.65	NAN	
330	0.133	0.1765	140.15	NAN	
335	0.135	0.1755	138.15	NAN	
340	0.1355	0.179	137.65	NAN	
345.008	0.1395	0.175	133.65	NAN	
350	0.1415	0.1775	131.65	NAN	
355	0.1405	0.178	132.65	NAN	
360	0.1435	0.175	129.65	NAN	
365	0.1455	0.1755	127.65	NAN	
370	0.146	0.176	127.15	NAN	
375.009	0.149	0.173	124.15	NAN	
380	0.148	0.176	125.15	NAN	
385	0.1505	0.173	122.65	NAN	
390	0.152	0.1725	121.15	NAN	
395	0.153	0.1705	120.15	NAN	
400	0.154	0.172	119.15	NAN	
405.008	0.1555	0.1725	117.65	NAN	
410	0.157	0.168	116.15	NAN	
415	0.1575	0.1705	115.65	NAN	
420	0.158	0.17	115.15	NAN	
425	0.159	0.1705	114.15	NAN	
430.007	0.16	0.167	113.15	NAN	
435	0.1625	0.17	110.65	NAN	
440	0.162	0.167	111.15	NAN	
445	0.162	0.166	111.15	NAN	
450	0.1645	0.1665	108.65	NAN	
455.007	0.1645	0.1675	108.65	NAN	
460	0.166	0.165	107.15	NAN	
465	0.165	0.163	108.15	NAN	
470	0.166	0.1625	107.15	NAN	
475	0.166	0.163	107.15	NAN	
480.005	0.169	0.1645	104.15	NAN	
485	0.1675	0.1645	105.65	NAN	
490	0.1695	0.1625	103.65	NAN	
495	0.1695	0.164	103.65	NAN	
500	0.1685	0.1615	104.65	NAN	
505.005	0.1715	0.162	101.65	NAN	
510	0.169	0.1565	104.15	NAN	
515	0.1715	0.1565	101.65	NAN	
520	0.1705	0.16	102.65	NAN	
525	0.1725	0.1585	100.65	NAN	
530.003	0.173	0.1585	100.15	NAN	
535	0.171	0.156	102.15	NAN	
540	0.1715	0.155	101.65	NAN	
545	0.1735	0.1545	99.65	NAN	
550	0.174	0.154	99.15	NAN	
555.004	0.173	0.1525	100.15	NAN	
560	0.1735	0.1515	99.65	NAN	
565	0.1735	0.151	99.65	NAN	
570	0.173	0.1515	100.15	NAN	
575	0.1745	0.152	98.65	NAN	
580.004	0.173	0.151	100.15	NAN	
585	0.174	0.1515	99.15	NAN	
590	0.1755	0.1515	97.65	NAN	
595	0.1745	0.15	98.65	NAN	
600	0.1745	0.145	98.65	NAN	
605.002	0.174	0.143	99.15	NAN	
610	0.175	0.14	98.15	NAN	
615	0.1745	0.1385	98.65	NAN	
620	0.1755	0.1365	97.65	NAN	
625	0.1755	0.1345	97.65	NAN	
630.001	0.174	0.1325	99.15	NAN	
635.008	0.1755	0.1285	97.65	NAN	
640	0.176	0.127	97.15	NAN	
645	0.176	0.123	97.15	NAN	
650	0.1755	0.1195	97.65	NAN	
655	0.176	0.1185	97.15	NAN	
660	0.1765	0.1175	96.65	NAN	
665.001	0.175	0.115	98.15	NAN	
670	0.1765	0.1145	96.65	NAN	
675	0.177	0.1125	96.15	NAN	
680	0.1765	0.112	96.65	NAN	
685	0.178	0.114	95.15	NAN	
690	0.1775	0.112	95.65	NAN	
695	0.176	0.11	97.15	NAN	
700	0.1765	0.108	96.65	NAN	
705	0.1775	0.106	95.65	NAN	
710	0.176	0.106	97.15	NAN	
715	0.1775	0.102	95.65	NAN	
720	0.1765	0.101	96.65	NAN	
725	0.177	0.098	96.15	NAN	
730	0.178	0.0965	95.15	NAN	
735	0.1775	0.0935	95.65	NAN	
740	0.178	0.09	95.15	NAN	
745	0.177	0.087	96.15	NAN	
750	0.178	0.087	95.15	NAN	
755	0.178	0.085	95.15	NAN	
760	0.1785	0.085	94.65	NAN	
765	0.179	0.0835	94.15	NAN	
770	0.1795	0.0815	93.65	NAN	
775	0.178	0.0815	95.15	NAN	
780	0.179	0.0805	94.15	NAN	
785	0.179	0.079	94.15	NAN	
790	0.179	0.079	94.15	NAN	
795	0.1795	0.0775	93.65	NAN	
800	0.18	0.075	93.15	NAN	
805	0.18	0.073	93.15	NAN	
810	0.182	0.0705	91.15	NAN	
815	0.1825	0.07	90.65	NAN	
820	0.184	0.0695	89.15	NAN	
825	0.1845	0.071	88.65	NAN	
830	0.186	0.07	87.15	NAN	
835	0.187	0.069	86.15	NAN	
840	0.1865	0.07	86.65	NAN	
845	0.187	0.0715	86.15	NAN	
850	0.186	0.069	87.15	NAN	
855	0.1855	0.0715	87.65	NAN	
860	0.1855	0.0715	87.65	NAN	
865	0.186	0.071	87.15	NAN	
870	0.187	0.071	86.15	NAN	
875	0.1875	0.073	85.65	NAN	
880	0.187	0.0725	86.15	NAN	
885	0.188	0.0695	85.15	NAN	
890	0.187	0.0725	86.15	NAN	
895	0.1875	0.073	85.65	NAN	
900	0.188	0.074	85.15	NAN	
905	0.1875	0.075	85.65	NAN	
910	0.188	0.075	85.15	NAN	
915	0.189	0.083	84.15	NAN	
920	0.189	0.0765	84.15	NAN	
925	0.189	0.08	84.15	NAN	
930	0.188	0.073	85.15	NAN	
935	0.1885	0.0705	84.65	NAN	
940	0.189	0.069	84.15	NAN	
945	0.1895	0.0695	83.65	NAN	
950	0.1885	0.071	84.65	NAN	
955	0.188	0.0715	85.15	NAN	
960	0.1875	0.0705	85.65	NAN	
965	0.1885	0.0725	84.65	NAN	
970	0.1885	0.0735	84.65	NAN	
975	0.189	0.073	84.15	NAN	
980	0.189	0.074	84.15	NAN	
985	0.189	0.0825	84.15	NAN	
990	0.1895	0.084	83.65	NAN	
995	0.19	0.082	83.15	NAN	
1000	0.19	0.077	83.15	NAN	
1005	0.1895	0.0715	83.65	NAN	
1010	0.19	0.0715	83.15	NAN	
1015.007	0.1905	0.074	82.65	NAN	
NAN	NAN	NAN	NAN	NAN	
0	0.1905	0.072	82.65	NAN	
5	0.191	0.0715	82.15	NAN	
10	0.191	0.07	82.15	NAN	
15	0.1905	0.0725	82.65	NAN	
20	0.1905	0.071	82.65	NAN	
25	0.1905	0.0745	82.65	NAN	
30	0.1905	0.0825	82.65	NAN	
35	0.19	0.083	83.15	NAN	
40	0.19	0.082	83.15	NAN	
45	0.1895	0.083	83.65	NAN	
50	0.19	0.076	83.15	NAN	
55	0.1895	0.08	83.65	NAN	
60	0.1885	0.0705	84.65	NAN	
65	0.189	0.082	84.15	NAN	
70	0.1875	0.0765	85.65	NAN	
75	0.189	0.0725	84.15	NAN	
80	0.1885	0.074	84.65	NAN	
85	0.188	0.074	85.15	NAN	
90	0.188	0.073	85.15	NAN	
95	0.186	0.0835	87.15	NAN	
100	0.1845	0.083	88.65	NAN	
105	0.184	0.083	89.15	NAN	
110	0.1845	0.084	88.65	NAN	
115	0.184	0.0835	89.15	NAN	
120	0.183	0.0805	90.15	NAN	
125	0.1835	0.081	89.65	NAN	
130.004	0.1825	0.083	90.65	NAN	
135	0.1815	0.082	91.65	NAN	
140	0.1805	0.082	92.65	NAN	
145	0.18	0.0815	93.15	NAN	
150	0.18	0.083	93.15	NAN	
155	0.18	0.0825	93.15	NAN	
160	0.1795	0.085	93.65	NAN	
165	0.179	0.088	94.15	NAN	
170	0.178	0.093	95.15	NAN	
175	0.177	0.1	96.15	NAN	
180	0.177	0.1105	96.15	NAN	
185	0.177	0.1185	96.15	NAN	
190	0.1755	0.128	97.65	NAN	
195	0.1745	0.146	98.65	NAN	
200	0.1735	0.1545	99.65	NAN	
205	0.1735	0.156	99.65	NAN	
210	0.173	0.157	100.15	NAN	
215	0.1725	0.1535	100.65	NAN	
220	0.1715	0.1535	101.65	NAN	
225	0.171	0.154	102.15	NAN	
230	0.1705	0.1555	102.65	NAN	
235	0.169	0.1555	104.15	NAN	
240	0.168	0.1575	105.15	NAN	
245	0.1675	0.159	105.65	NAN	
250	0.1675	0.16	105.65	NAN	
255	0.1675	0.17	105.65	NAN	
260	0.1645	0.17	108.65	NAN	
265.008	0.165	0.1705	108.15	NAN	
270	0.1645	0.17	108.65	NAN	
275	0.163	0.1685	110.15	NAN	
280	0.1615	0.1695	111.65	NAN	
285	0.16	0.17	113.15	NAN	
290	0.1595	0.17	113.65	NAN	
295.008	0.16	0.1725	113.15	NAN	
300	0.1585	0.171	114.65	NAN	
305	0.1575	0.175	115.65	NAN	
310	0.1555	0.1745	117.65	NAN	
315	0.156	0.1775	117.15	NAN	
320	0.1545	0.176	118.65	NAN	
325.008	0.154	0.173	119.15	NAN	
330	0.1525	0.1745	120.65	NAN	
335	0.151	0.177	122.15	NAN	
340	0.1505	0.178	122.65	NAN	
345	0.1495	0.178	123.65	NAN	
350	0.1485	0.178	124.65	NAN	
355.007	0.1475	0.176	125.65	NAN	
360	0.1465	0.179	126.65	NAN	
365	0.146	0.1775	127.15	NAN	
370	0.1445	0.178	128.65	NAN	
375	0.1425	0.178	130.65	NAN	
380	0.1415	0.176	131.65	NAN	
385.006	0.1395	0.178	133.65	NAN	
390	0.139	0.177	134.15	NAN	
395	0.1375	0.1785	135.65	NAN	
400	0.1385	0.1785	134.65	NAN	
405	0.1365	0.1795	136.65	NAN	
410.006	0.1345	0.1775	138.65	NAN	
415	0.134	0.1785	139.15	NAN	
420	0.1325	0.179	140.65	NAN	
425	0.132	0.179	141.15	NAN	
430	0.13	0.1785	143.15	NAN	
435.007	0.1305	0.179	142.65	NAN	
440	0.13	0.1805	143.15	NAN	
445	0.13	0.1795	143.15	NAN	
450	0.1265	0.1795	146.65	NAN	
455	0.126	0.176	147.15	NAN	
460.006	0.126	0.18	147.15	NAN	
465	0.125	0.179	148.15	NAN	
470	0.124	0.1765	149.15	NAN	
475	0.122	0.177	151.15	NAN	
480	0.121	0.176	152.15	NAN	
485.004	0.119	0.177	154.15	NAN	
490	0.12	0.178	153.15	NAN	
495	0.119	0.177	154.15	NAN	
500	0.1185	0.176	154.65	NAN	
505	0.1175	0.178	155.65	NAN	
510.003	0.1155	0.1745	157.65	NAN	
515	0.115	0.177	158.15	NAN	
520	0.114	0.176	159.15	NAN	
525	0.1125	0.1765	160.65	NAN	
530	0.111	0.1765	162.15	NAN	
535.003	0.11	0.178	163.15	NAN	
540	0.109	0.178	164.15	NAN	
545	0.11	0.176	163.15	NAN	
550	0.1075	0.1765	165.65	NAN	
555	0.107	0.177	166.15	NAN	
560.003	0.107	0.178	166.15	NAN	
565	0.1065	0.178	166.65	NAN	
570	0.106	0.179	167.15	NAN	
575	0.1035	0.1795	169.65	NAN	
