0	0	0.0009	NAN	
2	0	0.00105	NAN	
4	0	0.0009	NAN	
6	0	0.00105	NAN	
8	0	0.00135	NAN	
10	0	0.00105	NAN	
12	0.005	0.00105	NAN	
14	0.005	0.0012	NAN	
16	0.005	0.00135	NAN	
18	0.005	0.0012	NAN	
20	0.005	0.00105	NAN	
22	0.01	0.0012	NAN	
24	0.01	0.00105	NAN	
26	0.01	0.00105	NAN	
28	0.01	0.00105	NAN	
30	0.01	0.00105	NAN	
32	0.01	0.00105	NAN	
34	0.015	0.0012	NAN	
36	0.015	0.0012	NAN	
38	0.015	0.00105	NAN	
40	0.015	0.00105	NAN	
42	0.015	0.0012	NAN	
44	0.02	0.00105	NAN	
46	0.02	0.0009	NAN	
48	0.02	0.00105	NAN	
50	0.02	0.00105	NAN	
52	0.02	0.0012	NAN	
54	0.02	0.00105	NAN	
56	0.025	0.00105	NAN	
58	0.025	0.0012	NAN	
60	0.025	0.0012	NAN	
62	0.025	0.00105	NAN	
64	0.025	0.0012	NAN	
66	0.03	0.0009	NAN	
68	0.03	0.00105	NAN	
70	0.03	0.0009	NAN	
72	0.03	0.00105	NAN	
74	0.03	0.00105	NAN	
76	0.03	0.0012	NAN	
78	0.035	0.0012	NAN	
80	0.035	0.0012	NAN	
82	0.035	0.00105	NAN	
84	0.035	0.0012	NAN	
86	0.035	0.00105	NAN	
88	0.04	0.0012	NAN	
90	0.04	0.0012	NAN	
92	0.04	0.0012	NAN	
94	0.04	0.0012	NAN	
96	0.04	0.0012	NAN	
98	0.04	0.0015	NAN	
100	0.045	0.00105	NAN	
102	0.045	0.0012	NAN	
104	0.045	0.0012	NAN	
106	0.045	0.00105	NAN	
108	0.045	0.00135	NAN	
110	0.05	0.0012	NAN	
112	0.05	0.00135	NAN	
114	0.05	0.00105	NAN	
116	0.05	0.00135	NAN	
118	0.05	0.0015	NAN	
120	0.05	0.0012	NAN	
122	0.055	0.0012	NAN	
124	0.055	0.0012	NAN	
126	0.055	0.00105	NAN	
128	0.055	0.0012	NAN	
130	0.055	0.0012	NAN	
132	0.06	0.00105	NAN	
134	0.06	0.0012	NAN	
136	0.06	0.00135	NAN	
138	0.06	0.0012	NAN	
140	0.06	0.00105	NAN	
142	0.06	0.00105	NAN	
144	0.065	0.0012	NAN	
146	0.065	0.00105	NAN	
148	0.065	0.00105	NAN	
150	0.065	0.0012	NAN	
152	0.065	0.0012	NAN	
154	0.07	0.00105	NAN	
156	0.07	0.0012	NAN	
158	0.07	0.0012	NAN	
160	0.07	0.0012	NAN	
162	0.07	0.00105	NAN	
164	0.07	0.0012	NAN	
166	0.075	0.00135	NAN	
168	0.075	0.00105	NAN	
170	0.075	0.00135	NAN	
172	0.075	0.00135	NAN	
174	0.075	0.00135	NAN	
176	0.08	0.00135	NAN	
178	0.08	0.0012	NAN	
180	0.08	0.00105	NAN	
182	0.08	0.0012	NAN	
184	0.08	0.00135	NAN	
186	0.08	0.0012	NAN	
188	0.085	0.0012	NAN	
190	0.085	0.0012	NAN	
192	0.085	0.00135	NAN	
194	0.085	0.00135	NAN	
196	0.085	0.00135	NAN	
198	0.09	0.0012	NAN	
200	0.09	0.0012	NAN	
202	0.09	0.0015	NAN	
204	0.09	0.00135	NAN	
206	0.09	0.0012	NAN	
208	0.09	0.0015	NAN	
210	0.095	0.00135	NAN	
212	0.095	0.00135	NAN	
214	0.095	0.00135	NAN	
216	0.095	0.0012	NAN	
218	0.095	0.0012	NAN	
220	0.1	0.00105	NAN	
222	0.1	0.00105	NAN	
224	0.1	0.00105	NAN	
226	0.1	0.00105	NAN	
228	0.1	0.0012	NAN	
230	0.1	0.0012	NAN	
232	0.105	0.0012	NAN	
234	0.105	0.00135	NAN	
236	0.105	0.00135	NAN	
238	0.105	0.0012	NAN	
240	0.105	0.0012	NAN	
242	0.11	0.00135	NAN	
244	0.11	0.0012	NAN	
246	0.11	0.0012	NAN	
248	0.11	0.0012	NAN	
250	0.11	0.0012	NAN	
252	0.11	0.0012	NAN	
254	0.115	0.00135	NAN	
256	0.115	0.0015	NAN	
258	0.115	0.0012	NAN	
260	0.115	0.00135	NAN	
262	0.115	0.0012	NAN	
264	0.12	0.0012	NAN	
266	0.12	0.00135	NAN	
268	0.12	0.00135	NAN	
270	0.12	0.0012	NAN	
272	0.12	0.0012	NAN	
274	0.12	0.0015	NAN	
276	0.125	0.0012	NAN	
278	0.125	0.00135	NAN	
280	0.125	0.00135	NAN	
282	0.125	0.00135	NAN	
284	0.125	0.0012	NAN	
286	0.13	0.00105	NAN	
288	0.13	0.00165	NAN	
290	0.13	0.00135	NAN	
292	0.13	0.0012	NAN	
294	0.13	0.00135	NAN	
296	0.13	0.0012	NAN	
298	0.135	0.00135	NAN	
300	0.135	0.00135	NAN	
302	0.135	0.00135	NAN	
304	0.135	0.0012	NAN	
306	0.135	0.00135	NAN	
308	0.14	0.00135	NAN	
310	0.14	0.00135	NAN	
312	0.14	0.00135	NAN	
314	0.14	0.00135	NAN	
316	0.14	0.00105	NAN	
318	0.145	0.00135	NAN	
320	0.145	0.0012	NAN	
322	0.145	0.0012	NAN	
324	0.145	0.0012	NAN	
326	0.145	0.0012	NAN	
328	0.145	0.00135	NAN	
330	0.15	0.00105	NAN	
332	0.15	0.0012	NAN	
334	0.15	0.0012	NAN	
336	0.15	0.00135	NAN	
338	0.15	0.00135	NAN	
340	0.155	0.0015	NAN	
342	0.155	0.0012	NAN	
344	0.155	0.00135	NAN	
346	0.155	0.0015	NAN	
348	0.155	0.0012	NAN	
350	0.155	0.0012	NAN	
352	0.16	0.0012	NAN	
354	0.16	0.0012	NAN	
356	0.16	0.0012	NAN	
358	0.16	0.0012	NAN	
360	0.16	0.0012	NAN	
362	0.165	0.00135	NAN	
364	0.165	0.00135	NAN	
366	0.165	0.0015	NAN	
368	0.165	0.0015	NAN	
370	0.165	0.00135	NAN	
372	0.165	0.00105	NAN	
374	0.17	0.0012	NAN	
376	0.17	0.0015	NAN	
378	0.17	0.0015	NAN	
380	0.17	0.0015	NAN	
382	0.17	0.0012	NAN	
384	0.175	0.0015	NAN	
386	0.175	0.00135	NAN	
388	0.175	0.0015	NAN	
390	0.175	0.0015	NAN	
392	0.175	0.0015	NAN	
394	0.175	0.0015	NAN	
396	0.18	0.00135	NAN	
398	0.18	0.0012	NAN	
400	0.18	0.00135	NAN	
402	0.18	0.0012	NAN	
404	0.18	0.00135	NAN	
406	0.185	0.0015	NAN	
408	0.185	0.0012	NAN	
410	0.185	0.0015	NAN	
412	0.185	0.0015	NAN	
414	0.185	0.00135	NAN	
416	0.185	0.0012	NAN	
418	0.19	0.00105	NAN	
420	0.19	0.0012	NAN	
422	0.19	0.00135	NAN	
424	0.19	0.00105	NAN	
426	0.19	0.0015	NAN	
428	0.195	0.00135	NAN	
430	0.195	0.0015	NAN	
432	0.195	0.00135	NAN	
434	0.195	0.0012	NAN	
436	0.195	0.00135	NAN	
438	0.195	0.00135	NAN	
440	0.2	0.0012	NAN	
442	0.2	0.00105	NAN	
444	0.2	0.0012	NAN	
446	0.2	0.0012	NAN	
448	0.2	0.0012	NAN	
450	0.205	0.00135	NAN	
452	0.205	0.00135	NAN	
454	0.205	0.00135	NAN	
456	0.205	0.0012	NAN	
458	0.205	0.00135	NAN	
460	0.205	0.00135	NAN	
462	0.21	0.00135	NAN	
464	0.21	0.00135	NAN	
466	0.21	0.0015	NAN	
468	0.21	0.00135	NAN	
470	0.21	0.00135	NAN	
472	0.215	0.00135	NAN	
474	0.215	0.00135	NAN	
476	0.215	0.00135	NAN	
478	0.215	0.0015	NAN	
480	0.215	0.0015	NAN	
482	0.215	0.00135	NAN	
484	0.22	0.00135	NAN	
486	0.22	0.0015	NAN	
488	0.22	0.0015	NAN	
490	0.22	0.00135	NAN	
492	0.22	0.0012	NAN	
494	0.225	0.0015	NAN	
496	0.225	0.0015	NAN	
498	0.225	0.0015	NAN	
500	0.225	0.0015	NAN	
502	0.225	0.00135	NAN	
504	0.225	0.00135	NAN	
506	0.23	0.0012	NAN	
508	0.23	0.0012	NAN	
510	0.23	0.00135	NAN	
512	0.23	0.0012	NAN	
514	0.23	0.00135	NAN	
516	0.235	0.00135	NAN	
518	0.235	0.0012	NAN	
520	0.235	0.00135	NAN	
522	0.235	0.0015	NAN	
524	0.235	0.0012	NAN	
526	0.235	0.0012	NAN	
528	0.24	0.0012	NAN	
530	0.24	0.0012	NAN	
532	0.24	0.0012	NAN	
534	0.24	0.0012	NAN	
536	0.24	0.00135	NAN	
538	0.245	0.0012	NAN	
540	0.245	0.0012	NAN	
542	0.245	0.00135	NAN	
544	0.245	0.00135	NAN	
546	0.245	0.00135	NAN	
548	0.245	0.00135	NAN	
550	0.25	0.0012	NAN	
552	0.25	0.00135	NAN	
554	0.25	0.00135	NAN	
556	0.25	0.00135	NAN	
558	0.25	0.00135	NAN	
560	0.255	0.00135	NAN	
562	0.255	0.0015	NAN	
564	0.255	0.00135	NAN	
566	0.255	0.00135	NAN	
568	0.255	0.0015	NAN	
570	0.255	0.00135	NAN	
572	0.26	0.00135	NAN	
574	0.26	0.0015	NAN	
576	0.26	0.0015	NAN	
578	0.26	0.00165	NAN	
580	0.26	0.00135	NAN	
582	0.265	0.0015	NAN	
584	0.265	0.0015	NAN	
586	0.265	0.00165	NAN	
588	0.265	0.00165	NAN	
590	0.265	0.00135	NAN	
592	0.265	0.00135	NAN	
594	0.27	0.0015	NAN	
596	0.27	0.0015	NAN	
598	0.27	0.0015	NAN	
600	0.27	0.0015	NAN	
602	0.27	0.00135	NAN	
604	0.275	0.0015	NAN	
606	0.275	0.0015	NAN	
608	0.275	0.00135	NAN	
610	0.275	0.00135	NAN	
612	0.275	0.00135	NAN	
614	0.275	0.0015	NAN	
616	0.28	0.0012	NAN	
618	0.28	0.00135	NAN	
620	0.28	0.0012	NAN	
622	0.28	0.0012	NAN	
624	0.28	0.0012	NAN	
626	0.285	0.0012	NAN	
628	0.285	0.00135	NAN	
630	0.285	0.00135	NAN	
632	0.285	0.0012	NAN	
634	0.285	0.00135	NAN	
636	0.29	0.0015	NAN	
638	0.29	0.00135	NAN	
640	0.29	0.00135	NAN	
642	0.29	0.00135	NAN	
644	0.29	0.0015	NAN	
646	0.29	0.0015	NAN	
648	0.295	0.00135	NAN	
650	0.295	0.00135	NAN	
652	0.295	0.00165	NAN	
654	0.295	0.0015	NAN	
656	0.295	0.0015	NAN	
658	0.3	0.0015	NAN	
660	0.3	0.00135	NAN	
662	0.3	0.00135	NAN	
664	0.3	0.0015	NAN	
666	0.3	0.00135	NAN	
668	0.3	0.00165	NAN	
670	0.305	0.0015	NAN	
672	0.305	0.0015	NAN	
674	0.305	0.00135	NAN	
676	0.305	0.0015	NAN	
678	0.305	0.00135	NAN	
680	0.31	0.00165	NAN	
682	0.31	0.00135	NAN	
684	0.31	0.0015	NAN	
686	0.31	0.0015	NAN	
688	0.31	0.0015	NAN	
690	0.31	0.0015	NAN	
692	0.315	0.00135	NAN	
694	0.315	0.0015	NAN	
696	0.315	0.0015	NAN	
698	0.315	0.0015	NAN	
700	0.315	0.0015	NAN	
702	0.32	0.0015	NAN	
704	0.32	0.0012	NAN	
706	0.32	0.00135	NAN	
708	0.32	0.0012	NAN	
710	0.32	0.0012	NAN	
712	0.32	0.0012	NAN	
714	0.325	0.0015	NAN	
716	0.325	0.0012	NAN	
718	0.325	0.00135	NAN	
720	0.325	0.00135	NAN	
722	0.325	0.00135	NAN	
724	0.33	0.0012	NAN	
726	0.33	0.0012	NAN	
728	0.33	0.0012	NAN	
730	0.33	0.0012	NAN	
732	0.33	0.0012	NAN	
734	0.33	0.0012	NAN	
736	0.335	0.0012	NAN	
738	0.335	0.0012	NAN	
740	0.335	0.00135	NAN	
742	0.335	0.00135	NAN	
744	0.335	0.00135	NAN	
746	0.34	0.00135	NAN	
748	0.34	0.00135	NAN	
750	0.34	0.00135	NAN	
752	0.34	0.0012	NAN	
754	0.34	0.0012	NAN	
756	0.34	0.00135	NAN	
758	0.345	0.00135	NAN	
760	0.345	0.00135	NAN	
762	0.345	0.00135	NAN	
764	0.345	0.00135	NAN	
766	0.345	0.00135	NAN	
768	0.35	0.0015	NAN	
770	0.35	0.0015	NAN	
772	0.35	0.00135	NAN	
774	0.35	0.0015	NAN	
776	0.35	0.0012	NAN	
778	0.35	0.0015	NAN	
780	0.355	0.0015	NAN	
782	0.355	0.0015	NAN	
784	0.355	0.00135	NAN	
786	0.355	0.0015	NAN	
788	0.355	0.0015	NAN	
790	0.36	0.0015	NAN	
792	0.36	0.00135	NAN	
794	0.36	0.0012	NAN	
796	0.36	0.00135	NAN	
798	0.36	0.00135	NAN	
800	0.36	0.00165	NAN	
802	0.365	0.00165	NAN	
804	0.365	0.0015	NAN	
806	0.365	0.00135	NAN	
808	0.365	0.0015	NAN	
810	0.365	0.00135	NAN	
812	0.37	0.0012	NAN	
814	0.37	0.0015	NAN	
816	0.37	0.0012	NAN	
818	0.37	0.0012	NAN	
820	0.37	0.0015	NAN	
822	0.37	0.0012	NAN	
824	0.375	0.00135	NAN	
826	0.375	0.00135	NAN	
828	0.375	0.0015	NAN	
830	0.375	0.0012	NAN	
832	0.375	0.00135	NAN	
834	0.38	0.00135	NAN	
836	0.38	0.00135	NAN	
838	0.38	0.0015	NAN	
840	0.38	0.0012	NAN	
842	0.38	0.00135	NAN	
844	0.38	0.0012	NAN	
846	0.385	0.0015	NAN	
848	0.385	0.0015	NAN	
850	0.385	0.00135	NAN	
852	0.385	0.0015	NAN	
854	0.385	0.0015	NAN	
856	0.39	0.00135	NAN	
858	0.39	0.0015	NAN	
860	0.39	0.00135	NAN	
862	0.39	0.00135	NAN	
864	0.39	0.00165	NAN	
866	0.39	0.00135	NAN	
868	0.395	0.00165	NAN	
870	0.395	0.0015	NAN	
872	0.395	0.00135	NAN	
874	0.395	0.0015	NAN	
876	0.395	0.00135	NAN	
878	0.4	0.00135	NAN	
880	0.4	0.0015	NAN	
882	0.4	0.0015	NAN	
884	0.4	0.00135	NAN	
886	0.4	0.00165	NAN	
888	0.4	0.00165	NAN	
890	0.405	0.0015	NAN	
892	0.405	0.0015	NAN	
894	0.405	0.0015	NAN	
896	0.405	0.00135	NAN	
898	0.405	0.0015	NAN	
900	0.41	0.0015	NAN	
902	0.41	0.0015	NAN	
904	0.41	0.00135	NAN	
906	0.41	0.00135	NAN	
908	0.41	0.00135	NAN	
910	0.41	0.0015	NAN	
912	0.415	0.0015	NAN	
914	0.415	0.00135	NAN	
916	0.415	0.00135	NAN	
918	0.415	0.00135	NAN	
920	0.415	0.00135	NAN	
922	0.42	0.00135	NAN	
924	0.42	0.0012	NAN	
926	0.42	0.00135	NAN	
928	0.42	0.00135	NAN	
930	0.42	0.0012	NAN	
932	0.42	0.0015	NAN	
934	0.425	0.0015	NAN	
936	0.425	0.00135	NAN	
938	0.425	0.0015	NAN	
940	0.425	0.00135	NAN	
942	0.425	0.00135	NAN	
944	0.43	0.0015	NAN	
946	0.43	0.00165	NAN	
948	0.43	0.00135	NAN	
950	0.43	0.00135	NAN	
952	0.43	0.0015	NAN	
954	0.435	0.0015	NAN	
956	0.435	0.00135	NAN	
958	0.435	0.0015	NAN	
960	0.435	0.0018	NAN	
962	0.435	0.00135	NAN	
964	0.435	0.0015	NAN	
966	0.44	0.00135	NAN	
968	0.44	0.0015	NAN	
970	0.44	0.0015	NAN	
972	0.44	0.00135	NAN	
974	0.44	0.00135	NAN	
976	0.445	0.0015	NAN	
978	0.445	0.00165	NAN	
980	0.445	0.00165	NAN	
982	0.445	0.0015	NAN	
984	0.445	0.00165	NAN	
986	0.445	0.00165	NAN	
988	0.45	0.00165	NAN	
990	0.45	0.0015	NAN	
992	0.45	0.0015	NAN	
994	0.45	0.0015	NAN	
996	0.45	0.0015	NAN	
998	0.455	0.0015	NAN	
1000	0.455	0.0015	NAN	
1002	0.455	0.0015	NAN	
1004	0.455	0.0015	NAN	
1006	0.455	0.00135	NAN	
1008	0.455	0.00135	NAN	
1010	0.46	0.0012	NAN	
1012	0.46	0.00135	NAN	
1014	0.46	0.0012	NAN	
1016	0.46	0.00135	NAN	
1018	0.46	0.0012	NAN	
1020	0.465	0.0015	NAN	
1022	0.465	0.0015	NAN	
1024	0.465	0.0015	NAN	
1026	0.465	0.0015	NAN	
1028	0.465	0.0015	NAN	
1030	0.465	0.00135	NAN	
1032	0.47	0.0012	NAN	
1034	0.47	0.0015	NAN	
1036	0.47	0.0015	NAN	
1038	0.47	0.00165	NAN	
1040	0.47	0.00165	NAN	
1042	0.475	0.0015	NAN	
1044	0.475	0.00165	NAN	
1046	0.475	0.00165	NAN	
1048	0.475	0.0015	NAN	
1050	0.475	0.00165	NAN	
1052	0.475	0.0015	NAN	
1054	0.48	0.00135	NAN	
1056	0.48	0.0015	NAN	
1058	0.48	0.0015	NAN	
1060	0.48	0.00165	NAN	
1062	0.48	0.00165	NAN	
1064	0.485	0.0015	NAN	
1066	0.485	0.00165	NAN	
1068	0.485	0.00165	NAN	
1070	0.485	0.0015	NAN	
1072	0.485	0.00135	NAN	
1074	0.485	0.0015	NAN	
1076	0.49	0.00165	NAN	
1078	0.49	0.0018	NAN	
1080	0.49	0.00165	NAN	
1082	0.49	0.0015	NAN	
1084	0.49	0.0015	NAN	
1086	0.495	0.00165	NAN	
1088	0.495	0.00135	NAN	
1090	0.495	0.0015	NAN	
1092	0.495	0.00165	NAN	
1094	0.495	0.00165	NAN	
1096	0.495	0.00165	NAN	
1098	0.5	0.00165	NAN	
1100	0.5	0.0015	NAN	
1102	0.5	0.00135	NAN	
1104	0.5	0.00135	NAN	
1106	0.5	0.00135	NAN	
1108	0.505	0.00135	NAN	
1110	0.505	0.00135	NAN	
1112	0.505	0.0015	NAN	
1114	0.505	0.00135	NAN	
1116	0.505	0.00135	NAN	
1118	0.505	0.0015	NAN	
1120	0.51	0.00135	NAN	
1122	0.51	0.0015	NAN	
1124	0.51	0.0015	NAN	
1126	0.51	0.0015	NAN	
1128	0.51	0.0015	NAN	
1130	0.515	0.0015	NAN	
1132	0.515	0.0015	NAN	
1134	0.515	0.0015	NAN	
1136	0.515	0.00165	NAN	
1138	0.515	0.0015	NAN	
1140	0.515	0.0015	NAN	
1142	0.52	0.0015	NAN	
1144	0.52	0.0015	NAN	
1146	0.52	0.0015	NAN	
1148	0.52	0.0015	NAN	
1150	0.52	0.00165	NAN	
1152	0.525	0.0015	NAN	
1154	0.525	0.0015	NAN	
1156	0.525	0.00135	NAN	
1158	0.525	0.0018	NAN	
1160	0.525	0.0018	NAN	
1162	0.525	0.0015	NAN	
1164	0.53	0.00165	NAN	
1166	0.53	0.0015	NAN	
1168	0.53	0.0015	NAN	
1170	0.53	0.00165	NAN	
1172	0.53	0.0015	NAN	
1174	0.535	0.0018	NAN	
1176	0.535	0.0018	NAN	
1178	0.535	0.0018	NAN	
1180	0.535	0.0015	NAN	
1182	0.535	0.00165	NAN	
1184	0.535	0.0015	NAN	
1186	0.54	0.00165	NAN	
1188	0.54	0.0015	NAN	
1190	0.54	0.0015	NAN	
1192	0.54	0.00135	NAN	
1194	0.54	0.0015	NAN	
1196	0.545	0.0015	NAN	
1198	0.545	0.0015	NAN	
1200	0.545	0.00165	NAN	
1202	0.545	0.00135	NAN	
1204	0.545	0.0015	NAN	
1206	0.545	0.00135	NAN	
1208	0.55	0.00135	NAN	
1210	0.55	0.00135	NAN	
1212	0.55	0.00135	NAN	
1214	0.55	0.00135	NAN	
1216	0.55	0.0015	NAN	
1218	0.555	0.00135	NAN	
1220	0.555	0.0015	NAN	
1222	0.555	0.0015	NAN	
1224	0.555	0.00165	NAN	
1226	0.555	0.0015	NAN	
1228	0.555	0.0015	NAN	
1230	0.56	0.00135	NAN	
1232	0.56	0.0015	NAN	
1234	0.56	0.0015	NAN	
1236	0.56	0.00135	NAN	
1238	0.56	0.00165	NAN	
1240	0.565	0.0015	NAN	
1242	0.565	0.00165	NAN	
1244	0.565	0.0015	NAN	
1246	0.565	0.00135	NAN	
1248	0.565	0.0018	NAN	
1250	0.57	0.0015	NAN	
1252	0.57	0.00165	NAN	
1254	0.57	0.0015	NAN	
1256	0.57	0.00165	NAN	
1258	0.57	0.0015	NAN	
1260	0.57	0.00165	NAN	
1262	0.565	0.00165	NAN	
1264	0.565	0.00165	NAN	
1266	0.565	0.0015	NAN	
1268	0.565	0.0018	NAN	
1270	0.565	0.00165	NAN	
1272	0.56	0.0015	NAN	
1274	0.56	0.00165	NAN	
1276	0.56	0.0015	NAN	
1278	0.56	0.0015	NAN	
1280	0.56	0.00165	NAN	
1282	0.56	0.0015	NAN	
1284	0.555	0.00165	NAN	
1286	0.555	0.00165	NAN	
1288	0.555	0.00135	NAN	
1290	0.555	0.0015	NAN	
1292	0.555	0.00165	NAN	
1294	0.55	0.00135	NAN	
1296	0.55	0.0015	NAN	
1298	0.55	0.0015	NAN	
1300	0.55	0.0015	NAN	
1302	0.55	0.0015	NAN	
1304	0.55	0.00165	NAN	
1306	0.545	0.0015	NAN	
1308	0.545	0.0015	NAN	
1310	0.545	0.00135	NAN	
1312	0.545	0.0015	NAN	
1314	0.545	0.0015	NAN	
1316	0.54	0.00135	NAN	
1318	0.54	0.0015	NAN	
1320	0.54	0.0015	NAN	
1322	0.54	0.0015	NAN	
1324	0.54	0.0015	NAN	
1326	0.54	0.00135	NAN	
1328	0.535	0.0012	NAN	
1330	0.535	0.0012	NAN	
1332	0.535	0.00165	NAN	
1334	0.535	0.00135	NAN	
1336	0.535	0.0015	NAN	
1338	0.53	0.0015	NAN	
1340	0.53	0.0015	NAN	
1342	0.53	0.00165	NAN	
1344	0.53	0.0015	NAN	
1346	0.53	0.0015	NAN	
1348	0.53	0.0015	NAN	
1350	0.525	0.00135	NAN	
1352	0.525	0.0015	NAN	
1354	0.525	0.0015	NAN	
1356	0.525	0.0015	NAN	
1358	0.525	0.0018	NAN	
1360	0.52	0.0015	NAN	
1362	0.52	0.0015	NAN	
1364	0.52	0.0015	NAN	
1366	0.52	0.0015	NAN	
1368	0.52	0.0015	NAN	
1370	0.52	0.0015	NAN	
1372	0.515	0.00165	NAN	
1374	0.515	0.0015	NAN	
1376	0.515	0.0015	NAN	
1378	0.515	0.0018	NAN	
1380	0.515	0.00165	NAN	
1382	0.51	0.00165	NAN	
1384	0.51	0.0015	NAN	
1386	0.51	0.0015	NAN	
1388	0.51	0.0015	NAN	
1390	0.51	0.0018	NAN	
1392	0.51	0.00165	NAN	
1394	0.505	0.00165	NAN	
1396	0.505	0.0015	NAN	
1398	0.505	0.00165	NAN	
1400	0.505	0.0015	NAN	
1402	0.505	0.0015	NAN	
1404	0.5	0.0015	NAN	
1406	0.5	0.0015	NAN	
1408	0.5	0.0015	NAN	
1410	0.5	0.00165	NAN	
1412	0.5	0.0015	NAN	
1414	0.5	0.0015	NAN	
1416	0.495	0.0015	NAN	
1418	0.495	0.00165	NAN	
1420	0.495	0.0015	NAN	
1422	0.495	0.0015	NAN	
1424	0.495	0.0015	NAN	
1426	0.49	0.0012	NAN	
1428	0.49	0.00135	NAN	
1430	0.49	0.00135	NAN	
1432	0.49	0.0015	NAN	
1434	0.49	0.0015	NAN	
1436	0.49	0.00135	NAN	
1438	0.485	0.0015	NAN	
1440	0.485	0.00135	NAN	
1442	0.485	0.0015	NAN	
1444	0.485	0.0015	NAN	
1446	0.485	0.00135	NAN	
1448	0.48	0.00135	NAN	
1450	0.48	0.0015	NAN	
1452	0.48	0.0015	NAN	
1454	0.48	0.0015	NAN	
1456	0.48	0.0015	NAN	
1458	0.48	0.00135	NAN	
1460	0.475	0.0015	NAN	
1462	0.475	0.0015	NAN	
1464	0.475	0.0015	NAN	
1466	0.475	0.0015	NAN	
1468	0.475	0.0015	NAN	
1470	0.47	0.00165	NAN	
1472	0.47	0.0015	NAN	
1474	0.47	0.0015	NAN	
1476	0.47	0.0015	NAN	
1478	0.47	0.00165	NAN	
1480	0.47	0.0015	NAN	
1482	0.465	0.00135	NAN	
1484	0.465	0.0018	NAN	
1486	0.465	0.00135	NAN	
1488	0.465	0.00165	NAN	
1490	0.465	0.0018	NAN	
1492	0.46	0.0015	NAN	
1494	0.46	0.0015	NAN	
1496	0.46	0.0015	NAN	
1498	0.46	0.00165	NAN	
1500	0.46	0.0015	NAN	
1502	0.46	0.0015	NAN	
1504	0.455	0.0015	NAN	
1506	0.455	0.00135	NAN	
1508	0.455	0.00165	NAN	
1510	0.455	0.00165	NAN	
1512	0.455	0.0015	NAN	
1514	0.45	0.0015	NAN	
1516	0.45	0.00135	NAN	
1518	0.45	0.00135	NAN	
1520	0.45	0.0015	NAN	
1522	0.45	0.0015	NAN	
1524	0.45	0.00135	NAN	
1526	0.445	0.00135	NAN	
1528	0.445	0.0015	NAN	
1530	0.445	0.00135	NAN	
1532	0.445	0.0015	NAN	
1534	0.445	0.00135	NAN	
1536	0.44	0.0015	NAN	
1538	0.44	0.00135	NAN	
1540	0.44	0.0012	NAN	
1542	0.44	0.0015	NAN	
1544	0.44	0.00135	NAN	
1546	0.44	0.0012	NAN	
1548	0.435	0.0015	NAN	
1550	0.435	0.0015	NAN	
1552	0.435	0.00135	NAN	
1554	0.435	0.0015	NAN	
1556	0.435	0.0015	NAN	
1558	0.43	0.0015	NAN	
1560	0.43	0.00135	NAN	
1562	0.43	0.0015	NAN	
1564	0.43	0.00135	NAN	
1566	0.43	0.0012	NAN	
1568	0.425	0.00135	NAN	
1570	0.425	0.00165	NAN	
1572	0.425	0.0012	NAN	
1574	0.425	0.00135	NAN	
1576	0.425	0.0015	NAN	
1578	0.425	0.00165	NAN	
1580	0.42	0.0015	NAN	
1582	0.42	0.00135	NAN	
1584	0.42	0.0015	NAN	
1586	0.42	0.00135	NAN	
1588	0.42	0.00165	NAN	
1590	0.415	0.0015	NAN	
1592	0.415	0.0015	NAN	
1594	0.415	0.0015	NAN	
1596	0.415	0.00165	NAN	
1598	0.415	0.00165	NAN	
1600	0.415	0.0015	NAN	
1602	0.41	0.0015	NAN	
1604	0.41	0.00165	NAN	
1606	0.41	0.0015	NAN	
1608	0.41	0.00135	NAN	
1610	0.41	0.00165	NAN	
1612	0.405	0.0015	NAN	
1614	0.405	0.0015	NAN	
1616	0.405	0.0015	NAN	
1618	0.405	0.0015	NAN	
1620	0.405	0.00165	NAN	
1622	0.405	0.0015	NAN	
1624	0.4	0.00135	NAN	
1626	0.4	0.00135	NAN	
1628	0.4	0.0015	NAN	
1630	0.4	0.00135	NAN	
1632	0.4	0.0015	NAN	
1634	0.395	0.0015	NAN	
1636	0.395	0.0015	NAN	
1638	0.395	0.00165	NAN	
1640	0.395	0.0015	NAN	
1642	0.395	0.0015	NAN	
1644	0.395	0.0015	NAN	
1646	0.39	0.0015	NAN	
1648	0.39	0.00135	NAN	
1650	0.39	0.0015	NAN	
1652	0.39	0.0015	NAN	
1654	0.39	0.0015	NAN	
1656	0.385	0.00135	NAN	
1658	0.385	0.0015	NAN	
1660	0.385	0.00135	NAN	
1662	0.385	0.00135	NAN	
1664	0.385	0.00135	NAN	
1666	0.385	0.0012	NAN	
1668	0.38	0.00135	NAN	
1670	0.38	0.00135	NAN	
1672	0.38	0.0012	NAN	
1674	0.38	0.00135	NAN	
1676	0.38	0.0012	NAN	
1678	0.375	0.00135	NAN	
1680	0.375	0.0015	NAN	
1682	0.375	0.0015	NAN	
1684	0.375	0.0015	NAN	
1686	0.375	0.00135	NAN	
1688	0.375	0.0012	NAN	
1690	0.37	0.00165	NAN	
1692	0.37	0.00165	NAN	
1694	0.37	0.0015	NAN	
1696	0.37	0.0015	NAN	
1698	0.37	0.0015	NAN	
1700	0.365	0.0015	NAN	
1702	0.365	0.0012	NAN	
1704	0.365	0.00165	NAN	
1706	0.365	0.00135	NAN	
1708	0.365	0.0015	NAN	
1710	0.365	0.0015	NAN	
1712	0.36	0.0015	NAN	
1714	0.36	0.00135	NAN	
1716	0.36	0.0015	NAN	
1718	0.36	0.00135	NAN	
1720	0.36	0.00135	NAN	
1722	0.355	0.0015	NAN	
1724	0.355	0.0012	NAN	
1726	0.355	0.0015	NAN	
1728	0.355	0.0015	NAN	
1730	0.355	0.00165	NAN	
1732	0.355	0.0015	NAN	
1734	0.35	0.0015	NAN	
1736	0.35	0.00165	NAN	
1738	0.35	0.0015	NAN	
1740	0.35	0.00165	NAN	
1742	0.35	0.00135	NAN	
1744	0.345	0.00135	NAN	
1746	0.345	0.0015	NAN	
1748	0.345	0.00135	NAN	
1750	0.345	0.0012	NAN	
1752	0.345	0.00135	NAN	
1754	0.345	0.00135	NAN	
1756	0.34	0.00135	NAN	
1758	0.34	0.0015	NAN	
1760	0.34	0.00135	NAN	
1762	0.34	0.0012	NAN	
1764	0.34	0.00135	NAN	
1766	0.335	0.0012	NAN	
1768	0.335	0.00135	NAN	
1770	0.335	0.0012	NAN	
1772	0.335	0.0015	NAN	
1774	0.335	0.00135	NAN	
1776	0.335	0.00135	NAN	
1778	0.33	0.0012	NAN	
1780	0.33	0.0012	NAN	
1782	0.33	0.0012	NAN	
1784	0.33	0.0012	NAN	
1786	0.33	0.0012	NAN	
1788	0.325	0.00135	NAN	
1790	0.325	0.0015	NAN	
1792	0.325	0.0012	NAN	
1794	0.325	0.00135	NAN	
1796	0.325	0.00135	NAN	
1798	0.325	0.0012	NAN	
1800	0.32	0.00135	NAN	
1802	0.32	0.00135	NAN	
1804	0.32	0.0012	NAN	
1806	0.32	0.0012	NAN	
1808	0.32	0.0012	NAN	
1810	0.315	0.0015	NAN	
1812	0.315	0.00135	NAN	
1814	0.315	0.00135	NAN	
1816	0.315	0.0015	NAN	
1818	0.315	0.0015	NAN	
1820	0.315	0.0015	NAN	
1822	0.31	0.00135	NAN	
1824	0.31	0.00135	NAN	
1826	0.31	0.00105	NAN	
1828	0.31	0.00165	NAN	
1830	0.31	0.0015	NAN	
1832	0.305	0.00135	NAN	
1834	0.305	0.00135	NAN	
1836	0.305	0.00135	NAN	
1838	0.305	0.0015	NAN	
1840	0.305	0.0015	NAN	
1842	0.305	0.00135	NAN	
1844	0.3	0.0015	NAN	
1846	0.3	0.00135	NAN	
1848	0.3	0.0015	NAN	
1850	0.3	0.00165	NAN	
1852	0.3	0.00135	NAN	
1854	0.295	0.00135	NAN	
1856	0.295	0.0015	NAN	
1858	0.295	0.00135	NAN	
1860	0.295	0.00165	NAN	
1862	0.295	0.0015	NAN	
1864	0.295	0.0015	NAN	
1866	0.29	0.0012	NAN	
1868	0.29	0.00135	NAN	
1870	0.29	0.00135	NAN	
1872	0.29	0.0015	NAN	
1874	0.29	0.00105	NAN	
1876	0.285	0.00135	NAN	
1878	0.285	0.0015	NAN	
1880	0.285	0.00135	NAN	
1882	0.285	0.00135	NAN	
1884	0.285	0.0012	NAN	
1886	0.28	0.00135	NAN	
1888	0.28	0.00105	NAN	
1890	0.28	0.0012	NAN	
1892	0.28	0.00135	NAN	
1894	0.28	0.0009	NAN	
1896	0.28	0.0012	NAN	
1898	0.275	0.00135	NAN	
1900	0.275	0.00135	NAN	
1902	0.275	0.00135	NAN	
1904	0.275	0.0015	NAN	
1906	0.275	0.0012	NAN	
1908	0.27	0.0012	NAN	
1910	0.27	0.0015	NAN	
1912	0.27	0.00135	NAN	
1914	0.27	0.00135	NAN	
1916	0.27	0.00135	NAN	
1918	0.27	0.0012	NAN	
1920	0.265	0.00135	NAN	
1922	0.265	0.00135	NAN	
1924	0.265	0.0015	NAN	
1926	0.265	0.00135	NAN	
1928	0.265	0.0015	NAN	
1930	0.26	0.00135	NAN	
1932	0.26	0.0012	NAN	
1934	0.26	0.00135	NAN	
1936	0.26	0.00105	NAN	
1938	0.26	0.00135	NAN	
1940	0.26	0.00135	NAN	
1942	0.255	0.00135	NAN	
1944	0.255	0.0015	NAN	
1946	0.255	0.0015	NAN	
1948	0.255	0.0018	NAN	
1950	0.255	0.0015	NAN	
1952	0.25	0.00165	NAN	
1954	0.25	0.0015	NAN	
1956	0.25	0.0012	NAN	
1958	0.25	0.0015	NAN	
1960	0.25	0.0015	NAN	
1962	0.25	0.00135	NAN	
1964	0.245	0.0015	NAN	
1966	0.245	0.0015	NAN	
1968	0.245	0.00135	NAN	
1970	0.245	0.00135	NAN	
1972	0.245	0.00135	NAN	
1974	0.24	0.00135	NAN	
1976	0.24	0.00135	NAN	
1978	0.24	0.0012	NAN	
1980	0.24	0.00135	NAN	
1982	0.24	0.0012	NAN	
1984	0.24	0.00135	NAN	
1986	0.235	0.0015	NAN	
1988	0.235	0.00135	NAN	
1990	0.235	0.0015	NAN	
1992	0.235	0.0012	NAN	
1994	0.235	0.00135	NAN	
1996	0.23	0.00135	NAN	
1998	0.23	0.0012	NAN	
2000	0.23	0.0012	NAN	
2002	0.23	0.0015	NAN	
2004	0.23	0.00135	NAN	
2006	0.23	0.00135	NAN	
2008	0.225	0.00135	NAN	
2010	0.225	0.00135	NAN	
2012	0.225	0.00135	NAN	
2014	0.225	0.00135	NAN	
2016	0.225	0.0015	NAN	
2018	0.22	0.0012	NAN	
2020	0.22	0.0012	NAN	
2022	0.22	0.0012	NAN	
2024	0.22	0.0012	NAN	
2026	0.22	0.00135	NAN	
2028	0.22	0.00135	NAN	
2030	0.215	0.00135	NAN	
2032	0.215	0.00135	NAN	
2034	0.215	0.00135	NAN	
2036	0.215	0.00135	NAN	
2038	0.215	0.0015	NAN	
2040	0.21	0.0012	NAN	
2042	0.21	0.00135	NAN	
2044	0.21	0.00135	NAN	
2046	0.21	0.00135	NAN	
2048	0.21	0.0015	NAN	
2050	0.21	0.0015	NAN	
2052	0.205	0.0012	NAN	
2054	0.205	0.00135	NAN	
2056	0.205	0.0012	NAN	
2058	0.205	0.0015	NAN	
2060	0.205	0.0015	NAN	
2062	0.2	0.0012	NAN	
2064	0.2	0.00135	NAN	
2066	0.2	0.0012	NAN	
2068	0.2	0.00135	NAN	
2070	0.2	0.0015	NAN	
2072	0.2	0.00135	NAN	
2074	0.195	0.00135	NAN	
2076	0.195	0.00135	NAN	
2078	0.195	0.0012	NAN	
2080	0.195	0.00135	NAN	
2082	0.195	0.00165	NAN	
2084	0.19	0.0015	NAN	
2086	0.19	0.0015	NAN	
2088	0.19	0.00135	NAN	
2090	0.19	0.0015	NAN	
2092	0.19	0.0012	NAN	
2094	0.19	0.00135	NAN	
2096	0.185	0.00135	NAN	
2098	0.185	0.00135	NAN	
2100	0.185	0.00135	NAN	
2102	0.185	0.00105	NAN	
2104	0.185	0.0012	NAN	
2106	0.18	0.0012	NAN	
2108	0.18	0.0012	NAN	
2110	0.18	0.00105	NAN	
2112	0.18	0.0012	NAN	
2114	0.18	0.00135	NAN	
2116	0.18	0.0012	NAN	
2118	0.175	0.00135	NAN	
2120	0.175	0.0012	NAN	
2122	0.175	0.0012	NAN	
2124	0.175	0.0012	NAN	
2126	0.175	0.00135	NAN	
2128	0.17	0.0012	NAN	
2130	0.17	0.0012	NAN	
2132	0.17	0.0012	NAN	
2134	0.17	0.00135	NAN	
2136	0.17	0.0012	NAN	
2138	0.17	0.00105	NAN	
2140	0.165	0.00105	NAN	
2142	0.165	0.0012	NAN	
2144	0.165	0.0012	NAN	
2146	0.165	0.00135	NAN	
2148	0.165	0.00135	NAN	
2150	0.16	0.00135	NAN	
2152	0.16	0.0012	NAN	
2154	0.16	0.00105	NAN	
2156	0.16	0.00135	NAN	
2158	0.16	0.00135	NAN	
2160	0.16	0.0012	NAN	
2162	0.155	0.0012	NAN	
2164	0.155	0.00135	NAN	
2166	0.155	0.0012	NAN	
2168	0.155	0.00135	NAN	
2170	0.155	0.00135	NAN	
2172	0.15	0.0012	NAN	
2174	0.15	0.0012	NAN	
2176	0.15	0.00135	NAN	
2178	0.15	0.0015	NAN	
2180	0.15	0.0015	NAN	
2182	0.15	0.00135	NAN	
2184	0.145	0.0015	NAN	
2186	0.145	0.0012	NAN	
2188	0.145	0.00135	NAN	
2190	0.145	0.0015	NAN	
2192	0.145	0.0012	NAN	
2194	0.14	0.0012	NAN	
2196	0.14	0.00135	NAN	
2198	0.14	0.0015	NAN	
2200	0.14	0.00105	NAN	
2202	0.14	0.0012	NAN	
2204	0.135	0.0012	NAN	
2206	0.135	0.0012	NAN	
2208	0.135	0.0012	NAN	
2210	0.135	0.0012	NAN	
2212	0.135	0.00135	NAN	
2214	0.135	0.0012	NAN	
2216	0.13	0.00105	NAN	
2218	0.13	0.00135	NAN	
2220	0.13	0.00135	NAN	
2222	0.13	0.0012	NAN	
2224	0.13	0.0012	NAN	
2226	0.125	0.00135	NAN	
2228	0.125	0.0012	NAN	
2230	0.125	0.0012	NAN	
2232	0.125	0.0012	NAN	
2234	0.125	0.00105	NAN	
2236	0.125	0.0012	NAN	
2238	0.12	0.00105	NAN	
2240	0.12	0.0012	NAN	
2242	0.12	0.0012	NAN	
2244	0.12	0.00105	NAN	
2246	0.12	0.00135	NAN	
2248	0.115	0.0012	NAN	
2250	0.115	0.00105	NAN	
2252	0.115	0.0012	NAN	
2254	0.115	0.0012	NAN	
2256	0.115	0.0012	NAN	
2258	0.115	0.0012	NAN	
2260	0.11	0.0012	NAN	
2262	0.11	0.0012	NAN	
2264	0.11	0.0012	NAN	
2266	0.11	0.0012	NAN	
2268	0.11	0.0012	NAN	
2270	0.105	0.0012	NAN	
2272	0.105	0.0012	NAN	
2274	0.105	0.00135	NAN	
2276	0.105	0.00135	NAN	
2278	0.105	0.0012	NAN	
2280	0.105	0.00135	NAN	
2282	0.1	0.00105	NAN	
2284	0.1	0.0012	NAN	
2286	0.1	0.0012	NAN	
2288	0.1	0.00135	NAN	
2290	0.1	0.0012	NAN	
2292	0.095	0.0015	NAN	
2294	0.095	0.0015	NAN	
2296	0.095	0.00135	NAN	
2298	0.095	0.00135	NAN	
2300	0.095	0.00105	NAN	
2302	0.095	0.0012	NAN	
2304	0.09	0.00135	NAN	
2306	0.09	0.0012	NAN	
2308	0.09	0.0015	NAN	
2310	0.09	0.0012	NAN	
2312	0.09	0.0012	NAN	
2314	0.085	0.0012	NAN	
2316	0.085	0.00135	NAN	
2318	0.085	0.00135	NAN	
2320	0.085	0.00105	NAN	
2322	0.085	0.0012	NAN	
2324	0.085	0.0012	NAN	
2326	0.08	0.0012	NAN	
2328	0.08	0.0012	NAN	
2330	0.08	0.0012	NAN	
2332	0.08	0.0009	NAN	
2334	0.08	0.0012	NAN	
2336	0.075	0.0012	NAN	
2338	0.075	0.00135	NAN	
2340	0.075	0.0012	NAN	
2342	0.075	0.0012	NAN	
2344	0.075	0.00135	NAN	
2346	0.075	0.0012	NAN	
2348	0.07	0.0009	NAN	
2350	0.07	0.0012	NAN	
2352	0.07	0.00105	NAN	
2354	0.07	0.00105	NAN	
2356	0.07	0.00105	NAN	
2358	0.065	0.00135	NAN	
2360	0.065	0.00135	NAN	
2362	0.065	0.00105	NAN	
2364	0.065	0.0012	NAN	
2366	0.065	0.00135	NAN	
2368	0.065	0.0012	NAN	
2370	0.06	0.0012	NAN	
2372	0.06	0.0012	NAN	
2374	0.06	0.00135	NAN	
2376	0.06	0.00105	NAN	
2378	0.06	0.0012	NAN	
2380	0.055	0.00135	NAN	
2382	0.055	0.0012	NAN	
2384	0.055	0.0012	NAN	
2386	0.055	0.00135	NAN	
2388	0.055	0.0012	NAN	
2390	0.055	0.00135	NAN	
2392	0.05	0.00105	NAN	
2394	0.05	0.0012	NAN	
2396	0.05	0.00105	NAN	
2398	0.05	0.00135	NAN	
2400	0.05	0.0015	NAN	
2402	0.045	0.0012	NAN	
2404	0.045	0.0012	NAN	
2406	0.045	0.0012	NAN	
2408	0.045	0.00135	NAN	
2410	0.045	0.00135	NAN	
2412	0.045	0.00135	NAN	
2414	0.04	0.00105	NAN	
2416	0.04	0.0009	NAN	
2418	0.04	0.0012	NAN	
2420	0.04	0.0009	NAN	
2422	0.04	0.00105	NAN	
2424	0.035	0.0012	NAN	
2426	0.035	0.0012	NAN	
2428	0.035	0.0012	NAN	
2430	0.035	0.0012	NAN	
2432	0.035	0.0012	NAN	
2434	0.035	0.00105	NAN	
2436	0.03	0.00105	NAN	
2438	0.03	0.00105	NAN	
2440	0.03	0.0012	NAN	
2442	0.03	0.00105	NAN	
2444	0.03	0.00105	NAN	
2446	0.025	0.00105	NAN	
2448	0.025	0.00105	NAN	
2450	0.025	0.0012	NAN	
2452	0.025	0.0012	NAN	
2454	0.025	0.00105	NAN	
2456	0.025	0.0009	NAN	
2458	0.02	0.00105	NAN	
2460	0.02	0.0012	NAN	
2462	0.02	0.00105	NAN	
2464	0.02	0.00105	NAN	
2466	0.02	0.0012	NAN	
2468	0.015	0.00105	NAN	
2470	0.015	0.00105	NAN	
2472	0.015	0.0012	NAN	
2474	0.015	0.0012	NAN	
2476	0.015	0.0012	NAN	
2478	0.015	0.00105	NAN	
2480	0.01	0.00105	NAN	
2482	0.01	0.0012	NAN	
2484	0.01	0.00105	NAN	
2486	0.01	0.0009	NAN	
2488	0.01	0.0012	NAN	
2490	0.005	0.0012	NAN	
2492	0.005	0.00105	NAN	
2494	0.005	0.0012	NAN	
2496	0.005	0.00105	NAN	
2498	0.005	0.0009	NAN	
2500	0	0.0012	NAN	
2502	0	0.00105	NAN	
2504	0	0.00105	NAN	
2506	0	0.00105	NAN	
2508	0	0.0009	NAN	
2510	0	0.00135	NAN	
2512	-0.005	0.00105	NAN	
2514	-0.005	0.00105	NAN	
2516	-0.005	0.0012	NAN	
2518	-0.005	0.0012	NAN	
2520	-0.005	0.00105	NAN	
2522	-0.01	0.00105	NAN	
2524	-0.01	0.0012	NAN	
2526	-0.01	0.00105	NAN	
2528	-0.01	0.0012	NAN	
2530	-0.01	0.0012	NAN	
2532	-0.01	0.0012	NAN	
2534	-0.015	0.00105	NAN	
2536	-0.015	0.00105	NAN	
2538	-0.015	0.00105	NAN	
2540	-0.015	0.0009	NAN	
2542	-0.015	0.00105	NAN	
2544	-0.02	0.00105	NAN	
2546	-0.02	0.0012	NAN	
2548	-0.02	0.0012	NAN	
2550	-0.02	0.0012	NAN	
2552	-0.02	0.0009	NAN	
2554	-0.02	0.00105	NAN	
2556	-0.025	0.0009	NAN	
2558	-0.025	0.0009	NAN	
2560	-0.025	0.00105	NAN	
2562	-0.025	0.00105	NAN	
2564	-0.025	0.0009	NAN	
2566	-0.03	0.00075	NAN	
2568	-0.03	0.0009	NAN	
2570	-0.03	0.00105	NAN	
2572	-0.03	0.00075	NAN	
2574	-0.03	0.0009	NAN	
2576	-0.03	0.0009	NAN	
2578	-0.035	0.00075	NAN	
2580	-0.035	0.0009	NAN	
2582	-0.035	0.0009	NAN	
2584	-0.035	0.00075	NAN	
2586	-0.035	0.0009	NAN	
2588	-0.04	0.00075	NAN	
2590	-0.04	0.00105	NAN	
2592	-0.04	0.0009	NAN	
2594	-0.04	0.0009	NAN	
2596	-0.04	0.0009	NAN	
2598	-0.04	0.00075	NAN	
2600	-0.045	0.00105	NAN	
2602	-0.045	0.0009	NAN	
2604	-0.045	0.0009	NAN	
2606	-0.045	0.00105	NAN	
2608	-0.045	0.00105	NAN	
2610	-0.05	0.0009	NAN	
2612	-0.05	0.00105	NAN	
2614	-0.05	0.0009	NAN	
2616	-0.05	0.00105	NAN	
2618	-0.05	0.00105	NAN	
2620	-0.05	0.0009	NAN	
2622	-0.055	0.0009	NAN	
2624	-0.055	0.0009	NAN	
2626	-0.055	0.0009	NAN	
2628	-0.055	0.0009	NAN	
2630	-0.055	0.0012	NAN	
2632	-0.06	0.0009	NAN	
2634	-0.06	0.0009	NAN	
2636	-0.06	0.00105	NAN	
2638	-0.06	0.00105	NAN	
2640	-0.06	0.0009	NAN	
2642	-0.06	0.0009	NAN	
2644	-0.065	0.00105	NAN	
2646	-0.065	0.0009	NAN	
2648	-0.065	0.00105	NAN	
2650	-0.065	0.0009	NAN	
2652	-0.065	0.00105	NAN	
2654	-0.07	0.0009	NAN	
2656	-0.07	0.00105	NAN	
2658	-0.07	0.00105	NAN	
2660	-0.07	0.0009	NAN	
2662	-0.07	0.0009	NAN	
2664	-0.07	0.0009	NAN	
2666	-0.075	0.0009	NAN	
2668	-0.075	0.0012	NAN	
2670	-0.075	0.0009	NAN	
2672	-0.075	0.0009	NAN	
2674	-0.075	0.00105	NAN	
2676	-0.08	0.0009	NAN	
2678	-0.08	0.0009	NAN	
2680	-0.08	0.00075	NAN	
2682	-0.08	0.0009	NAN	
2684	-0.08	0.0009	NAN	
2686	-0.08	0.0009	NAN	
2688	-0.085	0.00105	NAN	
2690	-0.085	0.00075	NAN	
2692	-0.085	0.00075	NAN	
2694	-0.085	0.0009	NAN	
2696	-0.085	0.00075	NAN	
2698	-0.09	0.0006	NAN	
2700	-0.09	0.0006	NAN	
2702	-0.09	0.0006	NAN	
2704	-0.09	0.00075	NAN	
2706	-0.09	0.0009	NAN	
2708	-0.09	0.0009	NAN	
2710	-0.095	0.0009	NAN	
2712	-0.095	0.0009	NAN	
2714	-0.095	0.0006	NAN	
2716	-0.095	0.00075	NAN	
2718	-0.095	0.00075	NAN	
2720	-0.1	0.0009	NAN	
2722	-0.1	0.0009	NAN	
2724	-0.1	0.00075	NAN	
2726	-0.1	0.00075	NAN	
2728	-0.1	0.0009	NAN	
2730	-0.1	0.00105	NAN	
2732	-0.105	0.00105	NAN	
2734	-0.105	0.0009	NAN	
2736	-0.105	0.00075	NAN	
2738	-0.105	0.00075	NAN	
2740	-0.105	0.0009	NAN	
2742	-0.11	0.0009	NAN	
2744	-0.11	0.00075	NAN	
2746	-0.11	0.00075	NAN	
2748	-0.11	0.00075	NAN	
2750	-0.11	0.0009	NAN	
2752	-0.11	0.0009	NAN	
2754	-0.115	0.00075	NAN	
2756	-0.115	0.00075	NAN	
2758	-0.115	0.00075	NAN	
2760	-0.115	0.00075	NAN	
2762	-0.115	0.0009	NAN	
2764	-0.12	0.00075	NAN	
2766	-0.12	0.00075	NAN	
2768	-0.12	0.0009	NAN	
2770	-0.12	0.0009	NAN	
2772	-0.12	0.0009	NAN	
2774	-0.12	0.00075	NAN	
2776	-0.125	0.0009	NAN	
2778	-0.125	0.0009	NAN	
2780	-0.125	0.0009	NAN	
2782	-0.125	0.0009	NAN	
2784	-0.125	0.0009	NAN	
2786	-0.13	0.0009	NAN	
2788	-0.13	0.0009	NAN	
2790	-0.13	0.00075	NAN	
2792	-0.13	0.00075	NAN	
2794	-0.13	0.0009	NAN	
2796	-0.13	0.0009	NAN	
2798	-0.135	0.0009	NAN	
2800	-0.135	0.0009	NAN	
2802	-0.135	0.0009	NAN	
2804	-0.135	0.0009	NAN	
2806	-0.135	0.0009	NAN	
2808	-0.14	0.00075	NAN	
2810	-0.14	0.0009	NAN	
2812	-0.14	0.0006	NAN	
2814	-0.14	0.00075	NAN	
2816	-0.14	0.00075	NAN	
2818	-0.145	0.00075	NAN	
2820	-0.145	0.00075	NAN	
2822	-0.145	0.0006	NAN	
2824	-0.145	0.0009	NAN	
2826	-0.145	0.0006	NAN	
2828	-0.145	0.00075	NAN	
2830	-0.15	0.0006	NAN	
2832	-0.15	0.00075	NAN	
2834	-0.15	0.0006	NAN	
2836	-0.15	0.00075	NAN	
2838	-0.15	0.0006	NAN	
2840	-0.155	0.00045	NAN	
2842	-0.155	0.00075	NAN	
2844	-0.155	0.00075	NAN	
2846	-0.155	0.0006	NAN	
2848	-0.155	0.0006	NAN	
2850	-0.155	0.0006	NAN	
2852	-0.16	0.0006	NAN	
2854	-0.16	0.00045	NAN	
2856	-0.16	0.0006	NAN	
2858	-0.16	0.00045	NAN	
2860	-0.16	0.0006	NAN	
2862	-0.165	0.0006	NAN	
2864	-0.165	0.00075	NAN	
2866	-0.165	0.0006	NAN	
2868	-0.165	0.0006	NAN	
2870	-0.165	0.0006	NAN	
2872	-0.165	0.00075	NAN	
2874	-0.17	0.0006	NAN	
2876	-0.17	0.0006	NAN	
2878	-0.17	0.0006	NAN	
2880	-0.17	0.00075	NAN	
2882	-0.17	0.0006	NAN	
2884	-0.175	0.0006	NAN	
2886	-0.175	0.0006	NAN	
2888	-0.175	0.0006	NAN	
2890	-0.175	0.0009	NAN	
2892	-0.175	0.0006	NAN	
2894	-0.175	0.00045	NAN	
2896	-0.18	0.00045	NAN	
2898	-0.18	0.00045	NAN	
2900	-0.18	0.0006	NAN	
2902	-0.18	0.00045	NAN	
2904	-0.18	0.0006	NAN	
2906	-0.185	0.0006	NAN	
2908	-0.185	0.00075	NAN	
2910	-0.185	0.00075	NAN	
2912	-0.185	0.0006	NAN	
2914	-0.185	0.0006	NAN	
2916	-0.185	0.0006	NAN	
2918	-0.19	0.0006	NAN	
2920	-0.19	0.00075	NAN	
2922	-0.19	0.0006	NAN	
2924	-0.19	0.0006	NAN	
2926	-0.19	0.00075	NAN	
2928	-0.195	0.00045	NAN	
2930	-0.195	0.0006	NAN	
2932	-0.195	0.00045	NAN	
2934	-0.195	0.0006	NAN	
2936	-0.195	0.00045	NAN	
2938	-0.195	0.0006	NAN	
2940	-0.2	0.0006	NAN	
2942	-0.2	0.0006	NAN	
2944	-0.2	0.00045	NAN	
2946	-0.2	0.00045	NAN	
2948	-0.2	0.0006	NAN	
2950	-0.205	0.0003	NAN	
2952	-0.205	0.00045	NAN	
2954	-0.205	0.0006	NAN	
2956	-0.205	0.00045	NAN	
2958	-0.205	0.00045	NAN	
2960	-0.205	0.0003	NAN	
2962	-0.21	0.00045	NAN	
2964	-0.21	0.00045	NAN	
2966	-0.21	0.0003	NAN	
2968	-0.21	0.0003	NAN	
2970	-0.21	0.0003	NAN	
2972	-0.215	0.00015	NAN	
2974	-0.215	0.0003	NAN	
2976	-0.215	0.00045	NAN	
2978	-0.215	0	NAN	
2980	-0.215	0.0003	NAN	
2982	-0.215	0.0003	NAN	
2984	-0.22	0.0003	NAN	
2986	-0.22	0.0003	NAN	
2988	-0.22	0.0003	NAN	
2990	-0.22	0	NAN	
2992	-0.22	0.0003	NAN	
2994	-0.225	0.00015	NAN	
2996	-0.225	0.0003	NAN	
2998	-0.225	0.00015	NAN	
3000	-0.225	0.00015	NAN	
3002	-0.225	0.00045	NAN	
3004	-0.225	0.00015	NAN	
3006	-0.23	0	NAN	
3008	-0.23	-0.00015	NAN	
3010	-0.23	0.00015	NAN	
3012	-0.23	0.00015	NAN	
3014	-0.23	0.00015	NAN	
3016	-0.235	0	NAN	
3018	-0.235	0.0003	NAN	
3020	-0.235	0.0003	NAN	
3022	-0.235	0.0003	NAN	
3024	-0.235	-0.00015	NAN	
3026	-0.235	0	NAN	
3028	-0.24	-0.00015	NAN	
3030	-0.24	0.00015	NAN	
3032	-0.24	0	NAN	
3034	-0.24	-0.0003	NAN	
3036	-0.24	-0.00015	NAN	
3038	-0.245	-0.00045	NAN	
3040	-0.245	0.00015	NAN	
3042	-0.245	-0.0003	NAN	
3044	-0.245	0.0003	NAN	
3046	-0.245	-0.0003	NAN	
3048	-0.245	0.00015	NAN	
3050	-0.25	-0.00015	NAN	
3052	-0.25	-0.00045	NAN	
3054	-0.25	-0.0003	NAN	
3056	-0.25	-0.00045	NAN	
3058	-0.25	-0.00015	NAN	
3060	-0.255	-0.0003	NAN	
3062	-0.255	-0.0003	NAN	
3064	-0.255	-0.0003	NAN	
3066	-0.255	-0.0006	NAN	
3068	-0.255	-0.00045	NAN	
3070	-0.255	-0.00045	NAN	
3072	-0.26	-0.00045	NAN	
3074	-0.26	-0.00045	NAN	
3076	-0.26	-0.0003	NAN	
3078	-0.26	-0.00045	NAN	
3080	-0.26	-0.0006	NAN	
3082	-0.265	-0.0006	NAN	
3084	-0.265	-0.00045	NAN	
3086	-0.265	-0.00045	NAN	
3088	-0.265	-0.0006	NAN	
3090	-0.265	-0.00045	NAN	
3092	-0.265	-0.00045	NAN	
3094	-0.27	-0.00075	NAN	
3096	-0.27	-0.00075	NAN	
3098	-0.27	-0.0006	NAN	
3100	-0.27	-0.0006	NAN	
3102	-0.27	-0.0006	NAN	
3104	-0.275	-0.0009	NAN	
3106	-0.275	-0.00075	NAN	
3108	-0.275	-0.0006	NAN	
3110	-0.275	-0.00075	NAN	
3112	-0.275	-0.0006	NAN	
3114	-0.275	-0.0009	NAN	
3116	-0.28	-0.0009	NAN	
3118	-0.28	-0.00105	NAN	
3120	-0.28	-0.0009	NAN	
3122	-0.28	-0.0009	NAN	
3124	-0.28	-0.00075	NAN	
3126	-0.285	-0.0012	NAN	
3128	-0.285	-0.00105	NAN	
3130	-0.285	-0.0009	NAN	
3132	-0.285	-0.0009	NAN	
3134	-0.285	-0.0009	NAN	
3136	-0.29	-0.0012	NAN	
3138	-0.29	-0.00105	NAN	
3140	-0.29	-0.0009	NAN	
3142	-0.29	-0.0009	NAN	
3144	-0.29	-0.0012	NAN	
3146	-0.29	-0.0012	NAN	
3148	-0.295	-0.00105	NAN	
3150	-0.295	-0.00075	NAN	
3152	-0.295	-0.0012	NAN	
3154	-0.295	-0.0009	NAN	
3156	-0.295	-0.00105	NAN	
3158	-0.3	-0.0012	NAN	
3160	-0.3	-0.00135	NAN	
3162	-0.3	-0.0015	NAN	
3164	-0.3	-0.00135	NAN	
3166	-0.3	-0.00135	NAN	
3168	-0.3	-0.0012	NAN	
3170	-0.305	-0.0012	NAN	
3172	-0.305	-0.00135	NAN	
3174	-0.305	-0.00135	NAN	
3176	-0.305	-0.00135	NAN	
3178	-0.305	-0.0012	NAN	
3180	-0.31	-0.00135	NAN	
3182	-0.31	-0.00165	NAN	
3184	-0.31	-0.00165	NAN	
3186	-0.31	-0.00165	NAN	
3188	-0.31	-0.00165	NAN	
3190	-0.31	-0.00165	NAN	
3192	-0.315	-0.00165	NAN	
3194	-0.315	-0.00165	NAN	
3196	-0.315	-0.00165	NAN	
3198	-0.315	-0.00165	NAN	
3200	-0.315	-0.00165	NAN	
3202	-0.32	-0.00195	NAN	
3204	-0.32	-0.00195	NAN	
3206	-0.32	-0.00195	NAN	
3208	-0.32	-0.0021	NAN	
3210	-0.32	-0.0018	NAN	
3212	-0.32	-0.0021	NAN	
3214	-0.325	-0.0018	NAN	
3216	-0.325	-0.0018	NAN	
3218	-0.325	-0.0018	NAN	
3220	-0.325	-0.00165	NAN	
3222	-0.325	-0.00195	NAN	
3224	-0.33	-0.0021	NAN	
3226	-0.33	-0.00195	NAN	
3228	-0.33	-0.0021	NAN	
3230	-0.33	-0.0021	NAN	
3232	-0.33	-0.00225	NAN	
3234	-0.33	-0.0021	NAN	
3236	-0.335	-0.0024	NAN	
3238	-0.335	-0.0021	NAN	
3240	-0.335	-0.0021	NAN	
3242	-0.335	-0.0021	NAN	
3244	-0.335	-0.00225	NAN	
3246	-0.34	-0.00255	NAN	
3248	-0.34	-0.00225	NAN	
3250	-0.34	-0.00255	NAN	
3252	-0.34	-0.00225	NAN	
3254	-0.34	-0.00255	NAN	
3256	-0.34	-0.0024	NAN	
3258	-0.345	-0.00255	NAN	
3260	-0.345	-0.00255	NAN	
3262	-0.345	-0.00255	NAN	
3264	-0.345	-0.00255	NAN	
3266	-0.345	-0.00255	NAN	
3268	-0.35	-0.00285	NAN	
3270	-0.35	-0.0027	NAN	
3272	-0.35	-0.00285	NAN	
3274	-0.35	-0.0027	NAN	
3276	-0.35	-0.00285	NAN	
3278	-0.35	-0.00285	NAN	
3280	-0.355	-0.00315	NAN	
3282	-0.355	-0.003	NAN	
3284	-0.355	-0.003	NAN	
3286	-0.355	-0.003	NAN	
3288	-0.355	-0.003	NAN	
3290	-0.36	-0.00315	NAN	
3292	-0.36	-0.00315	NAN	
3294	-0.36	-0.00315	NAN	
3296	-0.36	-0.0033	NAN	
3298	-0.36	-0.0033	NAN	
3300	-0.36	-0.00315	NAN	
3302	-0.365	-0.00375	NAN	
3304	-0.365	-0.0036	NAN	
3306	-0.365	-0.0036	NAN	
3308	-0.365	-0.00345	NAN	
3310	-0.365	-0.00345	NAN	
3312	-0.37	-0.00375	NAN	
3314	-0.37	-0.00375	NAN	
3316	-0.37	-0.0039	NAN	
3318	-0.37	-0.0039	NAN	
3320	-0.37	-0.00375	NAN	
3322	-0.37	-0.0039	NAN	
3324	-0.375	-0.0042	NAN	
3326	-0.375	-0.0042	NAN	
3328	-0.375	-0.0042	NAN	
3330	-0.375	-0.0042	NAN	
3332	-0.375	-0.0042	NAN	
3334	-0.38	-0.0045	NAN	
3336	-0.38	-0.00465	NAN	
3338	-0.38	-0.0045	NAN	
3340	-0.38	-0.00435	NAN	
3342	-0.38	-0.0045	NAN	
3344	-0.38	-0.00465	NAN	
3346	-0.385	-0.00495	NAN	
3348	-0.385	-0.00495	NAN	
3350	-0.385	-0.0048	NAN	
3352	-0.385	-0.00495	NAN	
3354	-0.385	-0.0051	NAN	
3356	-0.39	-0.0054	NAN	
3358	-0.39	-0.00525	NAN	
3360	-0.39	-0.00525	NAN	
3362	-0.39	-0.00525	NAN	
3364	-0.39	-0.0054	NAN	
3366	-0.39	-0.00525	NAN	
3368	-0.395	-0.0057	NAN	
3370	-0.395	-0.0057	NAN	
3372	-0.395	-0.00615	NAN	
3374	-0.395	-0.0057	NAN	
3376	-0.395	-0.00615	NAN	
3378	-0.4	-0.0072	NAN	
3380	-0.4	-0.0072	NAN	
3382	-0.4	-0.0069	NAN	
3384	-0.4	-0.00765	NAN	
3386	-0.4	-0.00735	NAN	
3388	-0.4	-0.0072	NAN	
3390	-0.405	-0.0075	NAN	
3392	-0.405	-0.00735	NAN	
3394	-0.405	-0.0075	NAN	
3396	-0.405	-0.00765	NAN	
3398	-0.405	-0.00735	NAN	
3400	-0.41	-0.0078	NAN	
3402	-0.41	-0.00795	NAN	
3404	-0.41	-0.00795	NAN	
3406	-0.41	-0.0078	NAN	
3408	-0.41	-0.00795	NAN	
3410	-0.41	-0.0081	NAN	
3412	-0.415	-0.0084	NAN	
3414	-0.415	-0.0087	NAN	
3416	-0.415	-0.0084	NAN	
3418	-0.415	-0.00855	NAN	
3420	-0.415	-0.00825	NAN	
3422	-0.42	-0.009	NAN	
3424	-0.42	-0.0093	NAN	
3426	-0.42	-0.00915	NAN	
3428	-0.42	-0.009	NAN	
3430	-0.42	-0.00885	NAN	
3432	-0.42	-0.00915	NAN	
3434	-0.425	-0.01005	NAN	
3436	-0.425	-0.0099	NAN	
3438	-0.425	-0.0096	NAN	
3440	-0.425	-0.0096	NAN	
3442	-0.425	-0.00975	NAN	
3444	-0.43	-0.01065	NAN	
3446	-0.43	-0.0105	NAN	
3448	-0.43	-0.0108	NAN	
3450	-0.43	-0.0102	NAN	
3452	-0.43	-0.01065	NAN	
3454	-0.435	-0.0117	NAN	
3456	-0.435	-0.01185	NAN	
3458	-0.435	-0.01185	NAN	
3460	-0.435	-0.01155	NAN	
3462	-0.435	-0.0114	NAN	
3464	-0.435	-0.0117	NAN	
3466	-0.44	-0.0129	NAN	
3468	-0.44	-0.0129	NAN	
3470	-0.44	-0.01275	NAN	
3472	-0.44	-0.0129	NAN	
3474	-0.44	-0.01305	NAN	
3476	-0.445	-0.01395	NAN	
3478	-0.445	-0.0141	NAN	
3480	-0.445	-0.01365	NAN	
3482	-0.445	-0.0141	NAN	
3484	-0.445	-0.0138	NAN	
3486	-0.445	-0.01395	NAN	
3488	-0.45	-0.0153	NAN	
3490	-0.45	-0.0153	NAN	
3492	-0.45	-0.0153	NAN	
3494	-0.45	-0.0153	NAN	
3496	-0.45	-0.01515	NAN	
3498	-0.455	-0.01635	NAN	
3500	-0.455	-0.0162	NAN	
3502	-0.455	-0.0165	NAN	
3504	-0.455	-0.01665	NAN	
3506	-0.455	-0.0165	NAN	
3508	-0.455	-0.0162	NAN	
3510	-0.46	-0.018	NAN	
3512	-0.46	-0.01815	NAN	
3514	-0.46	-0.018	NAN	
3516	-0.46	-0.018	NAN	
3518	-0.46	-0.018	NAN	
3520	-0.465	-0.0192	NAN	
3522	-0.465	-0.01995	NAN	
3524	-0.465	-0.0201	NAN	
3526	-0.465	-0.0198	NAN	
3528	-0.465	-0.01995	NAN	
3530	-0.465	-0.0198	NAN	
3532	-0.47	-0.02175	NAN	
3534	-0.47	-0.0219	NAN	
3536	-0.47	-0.0219	NAN	
3538	-0.47	-0.02175	NAN	
3540	-0.47	-0.0213	NAN	
3542	-0.475	-0.02385	NAN	
3544	-0.475	-0.0243	NAN	
3546	-0.475	-0.024	NAN	
3548	-0.475	-0.0243	NAN	
3550	-0.475	-0.024	NAN	
3552	-0.475	-0.0237	NAN	
3554	-0.48	-0.0267	NAN	
3556	-0.48	-0.02685	NAN	
3558	-0.48	-0.02655	NAN	
3560	-0.48	-0.02595	NAN	
3562	-0.48	-0.02655	NAN	
3564	-0.485	-0.0291	NAN	
3566	-0.485	-0.02925	NAN	
3568	-0.485	-0.02925	NAN	
3570	-0.485	-0.0288	NAN	
3572	-0.485	-0.0291	NAN	
3574	-0.485	-0.0291	NAN	
3576	-0.49	-0.03255	NAN	
3578	-0.49	-0.03225	NAN	
3580	-0.49	-0.0318	NAN	
3582	-0.49	-0.0327	NAN	
3584	-0.49	-0.0324	NAN	
3586	-0.495	-0.03495	NAN	
3588	-0.495	-0.03555	NAN	
3590	-0.495	-0.03525	NAN	
3592	-0.495	-0.0354	NAN	
3594	-0.495	-0.03555	NAN	
3596	-0.495	-0.036	NAN	
3598	-0.5	-0.04005	NAN	
3600	-0.5	-0.03915	NAN	
3602	-0.5	-0.0402	NAN	
3604	-0.5	-0.04005	NAN	
3606	-0.5	-0.0402	NAN	
3608	-0.505	-0.04425	NAN	
3610	-0.505	-0.04365	NAN	
3612	-0.505	-0.04395	NAN	
3614	-0.505	-0.0438	NAN	
3616	-0.505	-0.04425	NAN	
3618	-0.505	-0.04425	NAN	
3620	-0.51	-0.0483	NAN	
3622	-0.51	-0.0492	NAN	
3624	-0.51	-0.04905	NAN	
3626	-0.51	-0.0492	NAN	
3628	-0.51	-0.04875	NAN	
3630	-0.515	-0.05385	NAN	
3632	-0.515	-0.05415	NAN	
3634	-0.515	-0.054	NAN	
3636	-0.515	-0.0543	NAN	
3638	-0.515	-0.05445	NAN	
3640	-0.515	-0.05295	NAN	
3642	-0.52	-0.0609	NAN	
3644	-0.52	-0.0609	NAN	
3646	-0.52	-0.0606	NAN	
3648	-0.52	-0.06075	NAN	
3650	-0.52	-0.05925	NAN	
3652	-0.525	-0.0669	NAN	
3654	-0.525	-0.06705	NAN	
3656	-0.525	-0.06735	NAN	
3658	-0.525	-0.06705	NAN	
3660	-0.525	-0.06555	NAN	
3662	-0.525	-0.0675	NAN	
3664	-0.53	-0.07485	NAN	
3666	-0.53	-0.0744	NAN	
3668	-0.53	-0.07425	NAN	
3670	-0.53	-0.0735	NAN	
3672	-0.53	-0.0744	NAN	
3674	-0.535	-0.0825	NAN	
3676	-0.535	-0.08265	NAN	
3678	-0.535	-0.08325	NAN	
3680	-0.535	-0.0813	NAN	
3682	-0.535	-0.08295	NAN	
3684	-0.535	-0.0825	NAN	
3686	-0.54	-0.09195	NAN	
3688	-0.54	-0.09195	NAN	
3690	-0.54	-0.09015	NAN	
3692	-0.54	-0.09165	NAN	
3694	-0.54	-0.09165	NAN	
3696	-0.545	-0.10215	NAN	
3698	-0.545	-0.1017	NAN	
3700	-0.545	-0.1002	NAN	
3702	-0.545	-0.10215	NAN	
3704	-0.545	-0.10215	NAN	
3706	-0.545	-0.1017	NAN	
3708	-0.55	-0.1122	NAN	
3710	-0.55	-0.11085	NAN	
3712	-0.55	-0.11235	NAN	
3714	-0.55	-0.1116	NAN	
3716	-0.55	-0.11295	NAN	
3718	-0.555	-0.12285	NAN	
3720	-0.555	-0.12195	NAN	
3722	-0.555	-0.1239	NAN	
3724	-0.555	-0.12435	NAN	
3726	-0.555	-0.1245	NAN	
3728	-0.555	-0.1245	NAN	
3730	-0.56	-0.13515	NAN	
3732	-0.56	-0.13695	NAN	
3734	-0.56	-0.1374	NAN	
3736	-0.56	-0.1383	NAN	
3738	-0.56	-0.13755	NAN	
3740	-0.565	-0.14865	NAN	
3742	-0.565	-0.14985	NAN	
3744	-0.565	-0.1509	NAN	
3746	-0.565	-0.1509	NAN	
3748	-0.565	-0.1503	NAN	
3750	-0.57	-0.15615	NAN	
3752	-0.57	-0.1662	NAN	
3754	-0.57	-0.1653	NAN	
3756	-0.57	-0.16605	NAN	
3758	-0.57	-0.16545	NAN	
3760	-0.57	-0.16215	NAN	
3762	-0.565	-0.14955	NAN	
3764	-0.565	-0.15105	NAN	
3766	-0.565	-0.1503	NAN	
3768	-0.565	-0.15045	NAN	
3770	-0.565	-0.14865	NAN	
3772	-0.56	-0.1449	NAN	
3774	-0.56	-0.13725	NAN	
3776	-0.56	-0.1383	NAN	
3778	-0.56	-0.13785	NAN	
3780	-0.56	-0.1347	NAN	
3782	-0.56	-0.1362	NAN	
3784	-0.555	-0.12465	NAN	
3786	-0.555	-0.1236	NAN	
3788	-0.555	-0.1242	NAN	
3790	-0.555	-0.12285	NAN	
3792	-0.555	-0.12345	NAN	
3794	-0.55	-0.11865	NAN	
3796	-0.55	-0.1125	NAN	
3798	-0.55	-0.1119	NAN	
3800	-0.55	-0.10965	NAN	
3802	-0.55	-0.1107	NAN	
3804	-0.55	-0.11205	NAN	
3806	-0.545	-0.10125	NAN	
3808	-0.545	-0.10125	NAN	
3810	-0.545	-0.10035	NAN	
3812	-0.545	-0.10155	NAN	
3814	-0.545	-0.10125	NAN	
3816	-0.54	-0.09675	NAN	
3818	-0.54	-0.0918	NAN	
3820	-0.54	-0.09	NAN	
3822	-0.54	-0.0906	NAN	
3824	-0.54	-0.0921	NAN	
3826	-0.54	-0.0918	NAN	
3828	-0.535	-0.08265	NAN	
3830	-0.535	-0.0813	NAN	
3832	-0.535	-0.08265	NAN	
3834	-0.535	-0.0822	NAN	
3836	-0.535	-0.08265	NAN	
3838	-0.53	-0.07815	NAN	
3840	-0.53	-0.07275	NAN	
3842	-0.53	-0.07365	NAN	
3844	-0.53	-0.0744	NAN	
3846	-0.53	-0.07395	NAN	
3848	-0.53	-0.07395	NAN	
3850	-0.525	-0.06615	NAN	
3852	-0.525	-0.0672	NAN	
3854	-0.525	-0.06735	NAN	
3856	-0.525	-0.0669	NAN	
3858	-0.525	-0.0669	NAN	
3860	-0.52	-0.06075	NAN	
3862	-0.52	-0.05985	NAN	
3864	-0.52	-0.06075	NAN	
3866	-0.52	-0.06045	NAN	
3868	-0.52	-0.0603	NAN	
3870	-0.52	-0.05925	NAN	
3872	-0.515	-0.0543	NAN	
3874	-0.515	-0.05415	NAN	
3876	-0.515	-0.05475	NAN	
3878	-0.515	-0.0546	NAN	
3880	-0.515	-0.0537	NAN	
3882	-0.51	-0.0504	NAN	
3884	-0.51	-0.0492	NAN	
3886	-0.51	-0.0489	NAN	
3888	-0.51	-0.04875	NAN	
3890	-0.51	-0.04845	NAN	
3892	-0.51	-0.0489	NAN	
3894	-0.505	-0.04425	NAN	
3896	-0.505	-0.0441	NAN	
3898	-0.505	-0.04395	NAN	
3900	-0.505	-0.0429	NAN	
3902	-0.505	-0.04365	NAN	
3904	-0.5	-0.04125	NAN	
3906	-0.5	-0.03945	NAN	
3908	-0.5	-0.0399	NAN	
3910	-0.5	-0.039	NAN	
3912	-0.5	-0.03975	NAN	
3914	-0.5	-0.0399	NAN	
3916	-0.495	-0.0357	NAN	
3918	-0.495	-0.036	NAN	
3920	-0.495	-0.0351	NAN	
3922	-0.495	-0.03555	NAN	
3924	-0.495	-0.0357	NAN	
3926	-0.49	-0.03225	NAN	
3928	-0.49	-0.03225	NAN	
3930	-0.49	-0.03165	NAN	
3932	-0.49	-0.0321	NAN	
3934	-0.49	-0.03225	NAN	
3936	-0.49	-0.03285	NAN	
3938	-0.485	-0.0291	NAN	
3940	-0.485	-0.0282	NAN	
3942	-0.485	-0.0288	NAN	
3944	-0.485	-0.0294	NAN	
3946	-0.485	-0.0291	NAN	
3948	-0.48	-0.0264	NAN	
3950	-0.48	-0.0261	NAN	
3952	-0.48	-0.02685	NAN	
3954	-0.48	-0.0267	NAN	
3956	-0.48	-0.02655	NAN	
3958	-0.48	-0.0267	NAN	
3960	-0.475	-0.02385	NAN	
3962	-0.475	-0.024	NAN	
3964	-0.475	-0.02415	NAN	
3966	-0.475	-0.024	NAN	
3968	-0.475	-0.02385	NAN	
3970	-0.47	-0.0222	NAN	
3972	-0.47	-0.0219	NAN	
3974	-0.47	-0.0219	NAN	
3976	-0.47	-0.02205	NAN	
3978	-0.47	-0.02205	NAN	
3980	-0.47	-0.0213	NAN	
3982	-0.465	-0.0198	NAN	
3984	-0.465	-0.01995	NAN	
3986	-0.465	-0.0195	NAN	
3988	-0.465	-0.0198	NAN	
3990	-0.465	-0.0195	NAN	
3992	-0.46	-0.0183	NAN	
3994	-0.46	-0.018	NAN	
3996	-0.46	-0.01815	NAN	
3998	-0.46	-0.018	NAN	
4000	-0.46	-0.01785	NAN	
4002	-0.46	-0.018	NAN	
4004	-0.455	-0.0165	NAN	
4006	-0.455	-0.0165	NAN	
4008	-0.455	-0.0165	NAN	
4010	-0.455	-0.01635	NAN	
4012	-0.455	-0.0165	NAN	
4014	-0.45	-0.015	NAN	
4016	-0.45	-0.0153	NAN	
4018	-0.45	-0.01485	NAN	
4020	-0.45	-0.01515	NAN	
4022	-0.45	-0.0153	NAN	
4024	-0.45	-0.0153	NAN	
4026	-0.445	-0.01395	NAN	
4028	-0.445	-0.01395	NAN	
4030	-0.445	-0.0138	NAN	
4032	-0.445	-0.01395	NAN	
4034	-0.445	-0.01395	NAN	
4036	-0.44	-0.01305	NAN	
4038	-0.44	-0.01305	NAN	
4040	-0.44	-0.01245	NAN	
4042	-0.44	-0.0129	NAN	
4044	-0.44	-0.0129	NAN	
4046	-0.44	-0.0129	NAN	
4048	-0.435	-0.01155	NAN	
4050	-0.435	-0.0117	NAN	
4052	-0.435	-0.0117	NAN	
4054	-0.435	-0.0117	NAN	
4056	-0.435	-0.01185	NAN	
4058	-0.43	-0.01065	NAN	
4060	-0.43	-0.0108	NAN	
4062	-0.43	-0.01065	NAN	
4064	-0.43	-0.0108	NAN	
4066	-0.43	-0.01065	NAN	
4068	-0.425	-0.0099	NAN	
4070	-0.425	-0.0102	NAN	
4072	-0.425	-0.01005	NAN	
4074	-0.425	-0.00975	NAN	
4076	-0.425	-0.0102	NAN	
4078	-0.425	-0.0099	NAN	
4080	-0.42	-0.0093	NAN	
4082	-0.42	-0.00915	NAN	
4084	-0.42	-0.00915	NAN	
4086	-0.42	-0.009	NAN	
4088	-0.42	-0.00945	NAN	
4090	-0.415	-0.0084	NAN	
4092	-0.415	-0.0084	NAN	
4094	-0.415	-0.00855	NAN	
4096	-0.415	-0.0084	NAN	
4098	-0.415	-0.00885	NAN	
4100	-0.415	-0.00855	NAN	
4102	-0.41	-0.00795	NAN	
4104	-0.41	-0.00795	NAN	
4106	-0.41	-0.0081	NAN	
4108	-0.41	-0.0081	NAN	
4110	-0.41	-0.0081	NAN	
4112	-0.405	-0.0075	NAN	
4114	-0.405	-0.00735	NAN	
4116	-0.405	-0.00765	NAN	
4118	-0.405	-0.00735	NAN	
4120	-0.405	-0.0075	NAN	
4122	-0.405	-0.0072	NAN	
4124	-0.4	-0.00705	NAN	
4126	-0.4	-0.00705	NAN	
4128	-0.4	-0.00735	NAN	
4130	-0.4	-0.0072	NAN	
4132	-0.4	-0.00705	NAN	
4134	-0.395	-0.00615	NAN	
4136	-0.395	-0.00615	NAN	
4138	-0.395	-0.0063	NAN	
4140	-0.395	-0.0057	NAN	
4142	-0.395	-0.00585	NAN	
4144	-0.395	-0.006	NAN	
4146	-0.39	-0.0051	NAN	
4148	-0.39	-0.0054	NAN	
4150	-0.39	-0.0051	NAN	
4152	-0.39	-0.00525	NAN	
4154	-0.39	-0.0054	NAN	
4156	-0.385	-0.0048	NAN	
4158	-0.385	-0.00495	NAN	
4160	-0.385	-0.00495	NAN	
4162	-0.385	-0.00495	NAN	
4164	-0.385	-0.00495	NAN	
4166	-0.385	-0.00495	NAN	
4168	-0.38	-0.00465	NAN	
4170	-0.38	-0.0045	NAN	
4172	-0.38	-0.0045	NAN	
4174	-0.38	-0.0045	NAN	
4176	-0.38	-0.0045	NAN	
4178	-0.375	-0.0042	NAN	
4180	-0.375	-0.0039	NAN	
4182	-0.375	-0.00405	NAN	
4184	-0.375	-0.0042	NAN	
4186	-0.375	-0.0042	NAN	
4188	-0.375	-0.00435	NAN	
4190	-0.37	-0.00375	NAN	
4192	-0.37	-0.0039	NAN	
4194	-0.37	-0.0039	NAN	
4196	-0.37	-0.00375	NAN	
4198	-0.37	-0.0039	NAN	
4200	-0.365	-0.00345	NAN	
4202	-0.365	-0.00345	NAN	
4204	-0.365	-0.00345	NAN	
4206	-0.365	-0.0036	NAN	
4208	-0.365	-0.0036	NAN	
4210	-0.365	-0.0036	NAN	
4212	-0.36	-0.00345	NAN	
4214	-0.36	-0.00345	NAN	
4216	-0.36	-0.0033	NAN	
4218	-0.36	-0.0033	NAN	
4220	-0.36	-0.0033	NAN	
4222	-0.355	-0.00315	NAN	
4224	-0.355	-0.00315	NAN	
4226	-0.355	-0.003	NAN	
4228	-0.355	-0.003	NAN	
4230	-0.355	-0.003	NAN	
4232	-0.355	-0.00315	NAN	
4234	-0.35	-0.0027	NAN	
4236	-0.35	-0.003	NAN	
4238	-0.35	-0.003	NAN	
4240	-0.35	-0.00285	NAN	
4242	-0.35	-0.00285	NAN	
4244	-0.345	-0.0027	NAN	
4246	-0.345	-0.0027	NAN	
4248	-0.345	-0.00255	NAN	
4250	-0.345	-0.00255	NAN	
4252	-0.345	-0.0024	NAN	
4254	-0.345	-0.00255	NAN	
4256	-0.34	-0.00225	NAN	
4258	-0.34	-0.0024	NAN	
4260	-0.34	-0.0024	NAN	
4262	-0.34	-0.0024	NAN	
4264	-0.34	-0.0024	NAN	
4266	-0.335	-0.00225	NAN	
4268	-0.335	-0.0021	NAN	
4270	-0.335	-0.0021	NAN	
4272	-0.335	-0.0021	NAN	
4274	-0.335	-0.0021	NAN	
4276	-0.335	-0.0021	NAN	
4278	-0.33	-0.0021	NAN	
4280	-0.33	-0.00195	NAN	
4282	-0.33	-0.00195	NAN	
4284	-0.33	-0.00195	NAN	
4286	-0.33	-0.00195	NAN	
4288	-0.325	-0.0018	NAN	
4290	-0.325	-0.00195	NAN	
4292	-0.325	-0.00195	NAN	
4294	-0.325	-0.00195	NAN	
4296	-0.325	-0.0018	NAN	
4298	-0.325	-0.0018	NAN	
4300	-0.32	-0.00195	NAN	
4302	-0.32	-0.00195	NAN	
4304	-0.32	-0.00195	NAN	
4306	-0.32	-0.0018	NAN	
4308	-0.32	-0.00195	NAN	
4310	-0.315	-0.0018	NAN	
4312	-0.315	-0.0018	NAN	
4314	-0.315	-0.0018	NAN	
4316	-0.315	-0.0018	NAN	
4318	-0.315	-0.0018	NAN	
4320	-0.315	-0.00195	NAN	
4322	-0.31	-0.00165	NAN	
4324	-0.31	-0.00165	NAN	
4326	-0.31	-0.0018	NAN	
4328	-0.31	-0.00165	NAN	
4330	-0.31	-0.0018	NAN	
4332	-0.305	-0.00135	NAN	
4334	-0.305	-0.0015	NAN	
4336	-0.305	-0.0015	NAN	
4338	-0.305	-0.00165	NAN	
4340	-0.305	-0.0015	NAN	
4342	-0.305	-0.00165	NAN	
4344	-0.3	-0.0015	NAN	
4346	-0.3	-0.0012	NAN	
4348	-0.3	-0.0015	NAN	
4350	-0.3	-0.00135	NAN	
4352	-0.3	-0.0012	NAN	
4354	-0.295	-0.0012	NAN	
4356	-0.295	-0.00105	NAN	
4358	-0.295	-0.00105	NAN	
4360	-0.295	-0.0012	NAN	
4362	-0.295	-0.0012	NAN	
4364	-0.295	-0.00105	NAN	
4366	-0.29	-0.00105	NAN	
4368	-0.29	-0.00105	NAN	
4370	-0.29	-0.00105	NAN	
4372	-0.29	-0.0009	NAN	
4374	-0.29	-0.0009	NAN	
4376	-0.285	-0.0009	NAN	
4378	-0.285	-0.0009	NAN	
4380	-0.285	-0.0009	NAN	
4382	-0.285	-0.0009	NAN	
4384	-0.285	-0.00105	NAN	
4386	-0.28	-0.0009	NAN	
4388	-0.28	-0.00075	NAN	
4390	-0.28	-0.0009	NAN	
4392	-0.28	-0.0009	NAN	
4394	-0.28	-0.0009	NAN	
4396	-0.28	-0.0009	NAN	
4398	-0.275	-0.00075	NAN	
4400	-0.275	-0.0006	NAN	
4402	-0.275	-0.00075	NAN	
4404	-0.275	-0.0006	NAN	
4406	-0.275	-0.0006	NAN	
4408	-0.27	-0.0006	NAN	
4410	-0.27	-0.0006	NAN	
4412	-0.27	-0.0006	NAN	
4414	-0.27	-0.0006	NAN	
4416	-0.27	-0.0006	NAN	
4418	-0.27	-0.0006	NAN	
4420	-0.265	-0.0003	NAN	
4422	-0.265	-0.0006	NAN	
4424	-0.265	-0.00045	NAN	
4426	-0.265	-0.0006	NAN	
4428	-0.265	-0.0006	NAN	
4430	-0.26	-0.0006	NAN	
4432	-0.26	-0.00045	NAN	
4434	-0.26	-0.00045	NAN	
4436	-0.26	-0.00045	NAN	
4438	-0.26	-0.0006	NAN	
4440	-0.26	-0.0006	NAN	
4442	-0.255	-0.00045	NAN	
4444	-0.255	-0.00045	NAN	
4446	-0.255	-0.0003	NAN	
4448	-0.255	-0.0003	NAN	
4450	-0.255	-0.0006	NAN	
4452	-0.25	0	NAN	
4454	-0.25	-0.0003	NAN	
4456	-0.25	-0.00045	NAN	
4458	-0.25	-0.0003	NAN	
4460	-0.25	-0.0003	NAN	
4462	-0.25	-0.00045	NAN	
4464	-0.245	-0.0003	NAN	
4466	-0.245	0.00015	NAN	
4468	-0.245	-0.0003	NAN	
4470	-0.245	-0.00045	NAN	
4472	-0.245	-0.0003	NAN	
4474	-0.24	0	NAN	
4476	-0.24	-0.00045	NAN	
4478	-0.24	0	NAN	
4480	-0.24	-0.0003	NAN	
4482	-0.24	-0.0006	NAN	
4484	-0.24	-0.00045	NAN	
4486	-0.235	0.00015	NAN	
4488	-0.235	0.00015	NAN	
4490	-0.235	0.00015	NAN	
4492	-0.235	0	NAN	
4494	-0.235	0.00015	NAN	
4496	-0.23	0	NAN	
4498	-0.23	0.00015	NAN	
4500	-0.23	0.00015	NAN	
4502	-0.23	0.0003	NAN	
4504	-0.23	0.00015	NAN	
4506	-0.23	0	NAN	
4508	-0.225	0.0003	NAN	
4510	-0.225	0.00045	NAN	
4512	-0.225	0.00045	NAN	
4514	-0.225	0.00015	NAN	
4516	-0.225	0.0003	NAN	
4518	-0.22	0.00015	NAN	
4520	-0.22	0.00015	NAN	
4522	-0.22	0	NAN	
4524	-0.22	0.0003	NAN	
4526	-0.22	0.0003	NAN	
4528	-0.22	0	NAN	
4530	-0.215	0.0003	NAN	
4532	-0.215	0.0003	NAN	
4534	-0.215	0.0003	NAN	
4536	-0.215	0.0003	NAN	
4538	-0.215	0.0003	NAN	
4540	-0.21	0.00045	NAN	
4542	-0.21	0.00045	NAN	
4544	-0.21	0.00045	NAN	
4546	-0.21	0.00045	NAN	
4548	-0.21	0.0003	NAN	
4550	-0.21	0.00045	NAN	
4552	-0.205	0.00045	NAN	
4554	-0.205	0.00045	NAN	
4556	-0.205	0.00045	NAN	
4558	-0.205	0.0006	NAN	
4560	-0.205	0.0006	NAN	
4562	-0.2	0.0006	NAN	
4564	-0.2	0.0006	NAN	
4566	-0.2	0.0003	NAN	
4568	-0.2	0.0006	NAN	
4570	-0.2	0.00045	NAN	
4572	-0.2	0.0003	NAN	
4574	-0.195	0.0006	NAN	
4576	-0.195	0.0006	NAN	
4578	-0.195	0.00045	NAN	
4580	-0.195	0.00075	NAN	
4582	-0.195	0.00075	NAN	
4584	-0.19	0.0006	NAN	
4586	-0.19	0.0006	NAN	
4588	-0.19	0.00045	NAN	
4590	-0.19	0.0006	NAN	
4592	-0.19	0.00045	NAN	
4594	-0.19	0.00045	NAN	
4596	-0.185	0.0006	NAN	
4598	-0.185	0.0006	NAN	
4600	-0.185	0.0006	NAN	
4602	-0.185	0.0006	NAN	
4604	-0.185	0.0006	NAN	
4606	-0.18	0.0006	NAN	
4608	-0.18	0.00045	NAN	
4610	-0.18	0.0006	NAN	
4612	-0.18	0.0006	NAN	
4614	-0.18	0.0006	NAN	
4616	-0.18	0.0006	NAN	
4618	-0.175	0.0006	NAN	
4620	-0.175	0.00075	NAN	
4622	-0.175	0.00045	NAN	
4624	-0.175	0.00075	NAN	
4626	-0.175	0.0006	NAN	
4628	-0.17	0.0006	NAN	
4630	-0.17	0.0006	NAN	
4632	-0.17	0.0006	NAN	
4634	-0.17	0.0006	NAN	
4636	-0.17	0.00045	NAN	
4638	-0.17	0.00045	NAN	
4640	-0.165	0.00075	NAN	
4642	-0.165	0.00075	NAN	
4644	-0.165	0.00075	NAN	
4646	-0.165	0.0006	NAN	
4648	-0.165	0.00075	NAN	
4650	-0.16	0.0006	NAN	
4652	-0.16	0.0006	NAN	
4654	-0.16	0.00045	NAN	
4656	-0.16	0.0006	NAN	
4658	-0.16	0.0006	NAN	
4660	-0.16	0.0006	NAN	
4662	-0.155	0.0009	NAN	
4664	-0.155	0.0009	NAN	
4666	-0.155	0.0006	NAN	
4668	-0.155	0.00075	NAN	
4670	-0.155	0.0006	NAN	
4672	-0.15	0.0006	NAN	
4674	-0.15	0.00075	NAN	
4676	-0.15	0.00075	NAN	
4678	-0.15	0.00075	NAN	
4680	-0.15	0.0006	NAN	
4682	-0.15	0.0006	NAN	
4684	-0.145	0.00075	NAN	
4686	-0.145	0.00075	NAN	
4688	-0.145	0.00075	NAN	
4690	-0.145	0.00075	NAN	
4692	-0.145	0.00075	NAN	
4694	-0.14	0.0006	NAN	
4696	-0.14	0.0006	NAN	
4698	-0.14	0.00075	NAN	
4700	-0.14	0.0009	NAN	
4702	-0.14	0.0009	NAN	
4704	-0.135	0.0009	NAN	
4706	-0.135	0.00105	NAN	
4708	-0.135	0.0009	NAN	
4710	-0.135	0.0009	NAN	
4712	-0.135	0.0009	NAN	
4714	-0.135	0.0009	NAN	
4716	-0.13	0.00075	NAN	
4718	-0.13	0.00075	NAN	
4720	-0.13	0.00075	NAN	
4722	-0.13	0.0009	NAN	
4724	-0.13	0.0006	NAN	
4726	-0.125	0.0009	NAN	
4728	-0.125	0.00075	NAN	
4730	-0.125	0.0009	NAN	
4732	-0.125	0.0009	NAN	
4734	-0.125	0.00105	NAN	
4736	-0.125	0.0009	NAN	
4738	-0.12	0.00075	NAN	
4740	-0.12	0.00075	NAN	
4742	-0.12	0.00075	NAN	
4744	-0.12	0.0009	NAN	
4746	-0.12	0.0009	NAN	
4748	-0.115	0.0009	NAN	
4750	-0.115	0.00075	NAN	
4752	-0.115	0.00075	NAN	
4754	-0.115	0.0009	NAN	
4756	-0.115	0.00075	NAN	
4758	-0.115	0.00075	NAN	
4760	-0.11	0.00075	NAN	
4762	-0.11	0.0009	NAN	
4764	-0.11	0.00045	NAN	
4766	-0.11	0.0009	NAN	
4768	-0.11	0.00075	NAN	
4770	-0.105	0.00105	NAN	
4772	-0.105	0.0009	NAN	
4774	-0.105	0.00075	NAN	
4776	-0.105	0.0009	NAN	
4778	-0.105	0.0006	NAN	
4780	-0.105	0.00075	NAN	
4782	-0.1	0.0009	NAN	
4784	-0.1	0.00075	NAN	
4786	-0.1	0.00105	NAN	
4788	-0.1	0.00105	NAN	
4790	-0.1	0.00075	NAN	
4792	-0.095	0.00075	NAN	
4794	-0.095	0.0009	NAN	
4796	-0.095	0.0009	NAN	
4798	-0.095	0.00075	NAN	
4800	-0.095	0.0009	NAN	
4802	-0.095	0.0006	NAN	
4804	-0.09	0.0009	NAN	
4806	-0.09	0.0009	NAN	
4808	-0.09	0.00075	NAN	
4810	-0.09	0.0009	NAN	
4812	-0.09	0.00105	NAN	
4814	-0.085	0.00105	NAN	
4816	-0.085	0.0009	NAN	
4818	-0.085	0.0009	NAN	
4820	-0.085	0.0009	NAN	
4822	-0.085	0.00105	NAN	
4824	-0.085	0.0009	NAN	
4826	-0.08	0.0009	NAN	
4828	-0.08	0.00075	NAN	
4830	-0.08	0.0012	NAN	
4832	-0.08	0.00105	NAN	
4834	-0.08	0.0009	NAN	
4836	-0.075	0.0009	NAN	
4838	-0.075	0.0009	NAN	
4840	-0.075	0.00105	NAN	
4842	-0.075	0.0009	NAN	
4844	-0.075	0.00075	NAN	
4846	-0.075	0.00105	NAN	
4848	-0.07	0.00105	NAN	
4850	-0.07	0.0009	NAN	
4852	-0.07	0.00105	NAN	
4854	-0.07	0.0009	NAN	
4856	-0.07	0.00105	NAN	
4858	-0.065	0.00105	NAN	
4860	-0.065	0.00105	NAN	
4862	-0.065	0.0012	NAN	
4864	-0.065	0.0009	NAN	
4866	-0.065	0.0009	NAN	
4868	-0.065	0.00105	NAN	
4870	-0.06	0.00075	NAN	
4872	-0.06	0.00075	NAN	
4874	-0.06	0.0009	NAN	
4876	-0.06	0.0009	NAN	
4878	-0.06	0.00075	NAN	
4880	-0.055	0.0009	NAN	
4882	-0.055	0.00105	NAN	
4884	-0.055	0.0009	NAN	
4886	-0.055	0.0009	NAN	
4888	-0.055	0.00105	NAN	
4890	-0.055	0.0009	NAN	
4892	-0.05	0.0009	NAN	
4894	-0.05	0.00075	NAN	
4896	-0.05	0.00075	NAN	
4898	-0.05	0.0009	NAN	
4900	-0.05	0.0009	NAN	
4902	-0.045	0.00075	NAN	
4904	-0.045	0.00075	NAN	
4906	-0.045	0.00105	NAN	
4908	-0.045	0.00105	NAN	
4910	-0.045	0.0009	NAN	
4912	-0.045	0.00105	NAN	
4914	-0.04	0.0009	NAN	
4916	-0.04	0.0009	NAN	
4918	-0.04	0.00105	NAN	
4920	-0.04	0.0009	NAN	
4922	-0.04	0.00075	NAN	
4924	-0.035	0.0012	NAN	
4926	-0.035	0.00105	NAN	
4928	-0.035	0.0009	NAN	
4930	-0.035	0.00105	NAN	
4932	-0.035	0.00105	NAN	
4934	-0.035	0.0009	NAN	
4936	-0.03	0.00075	NAN	
4938	-0.03	0.0009	NAN	
4940	-0.03	0.00105	NAN	
4942	-0.03	0.0009	NAN	
4944	-0.03	0.00105	NAN	
4946	-0.025	0.00105	NAN	
4948	-0.025	0.00105	NAN	
4950	-0.025	0.0009	NAN	
4952	-0.025	0.0012	NAN	
4954	-0.025	0.00105	NAN	
4956	-0.025	0.00105	NAN	
4958	-0.02	0.0009	NAN	
4960	-0.02	0.00105	NAN	
4962	-0.02	0.0012	NAN	
4964	-0.02	0.00105	NAN	
4966	-0.02	0.0012	NAN	
4968	-0.015	0.00105	NAN	
4970	-0.015	0.0012	NAN	
4972	-0.015	0.00105	NAN	
4974	-0.015	0.00105	NAN	
4976	-0.015	0.0009	NAN	
4978	-0.015	0.00105	NAN	
4980	-0.01	0.00105	NAN	
4982	-0.01	0.0009	NAN	
4984	-0.01	0.00105	NAN	
4986	-0.01	0.0009	NAN	
4988	-0.01	0.00105	NAN	
4990	-0.005	0.0012	NAN	
4992	-0.005	0.0009	NAN	
4994	-0.005	0.0009	NAN	
4996	-0.005	0.00105	NAN	
4998	-0.005	0.00105	NAN	
5000	0	0.00135	NAN	
