MIN=0	-1	-0.3	0	
MAX=0.1	1	0.3	2500	
SCALE=0.05	0.5	0.1	1000	
DEC=4	3	4	0	
DEF="Time" t / ms	"Voltage" U_1 / V	"Current" I_1 / A	"Frequency" f / Hz	
0	0	0.066	NAN	
0.2	0	0.0669	NAN	
0.4	0	0.0675	NAN	
0.6	0	0.0681	NAN	
0.8	0	0.069	NAN	
1	0	0.06945	NAN	
1.2	0	0.07035	NAN	
1.4	0	0.07125	NAN	
1.6	0	0.0723	NAN	
1.8	0	0.0729	NAN	
2	0	0.07365	NAN	
2.2	0	0.0744	NAN	
2.4	0	0.0753	NAN	
2.6	0	0.07665	NAN	
2.8	0	0.0771	NAN	
3	0	0.0777	NAN	
3.2	0	0.07815	NAN	
3.4	0	0.0786	NAN	
3.6	0	0.07905	NAN	
3.8	0	0.0789	NAN	
4	0	0.0792	NAN	
4.2	0	0.07875	NAN	
4.4	0	0.0786	NAN	
4.6	0	0.0786	NAN	
4.8	0	0.078	NAN	
5	0	0.07785	NAN	
5.2	0	0.07665	NAN	
5.4	0	0.0762	NAN	
5.6	0	0.07545	NAN	
5.8	0	0.075	NAN	
6	0	0.07425	NAN	
6.2	0	0.0732	NAN	
6.4	0	0.0723	NAN	
6.6	0	0.0711	NAN	
6.8	0	0.07065	NAN	
7	0	0.0699	NAN	
7.2	0	0.06885	NAN	
7.4	0	0.06825	NAN	
7.6	0	0.06735	NAN	
7.8	0	0.06705	NAN	
8	0	0.06645	NAN	
8.2	0	0.066	NAN	
8.4	0	0.0657	NAN	
8.6	0	0.0654	NAN	
8.8	0	0.06525	NAN	
9	0	0.06555	NAN	
9.2	0	0.0654	NAN	
9.4	0	0.06555	NAN	
9.6	0	0.0654	NAN	
9.8	0	0.066	NAN	
10	0	0.0663	NAN	
10.2	0	0.0669	NAN	
10.4	0	0.06765	NAN	
10.6	0	0.06795	NAN	
10.8	0	0.06855	NAN	
11	0	0.06945	NAN	
11.2	0	0.0705	NAN	
11.4	0	0.07155	NAN	
11.6	0	0.0723	NAN	
11.8	0	0.07275	NAN	
12	0	0.0735	NAN	
12.2	0	0.07455	NAN	
12.4	0	0.0759	NAN	
12.6	0	0.07605	NAN	
12.8	0	0.07695	NAN	
13	0	0.0774	NAN	
13.2	0	0.0783	NAN	
13.4	0	0.0789	NAN	
13.6	0	0.07905	NAN	
13.8	0	0.07905	NAN	
14	0	0.07875	NAN	
14.2	0	0.07875	NAN	
14.4	0	0.0786	NAN	
14.6	0	0.0786	NAN	
14.8	0	0.07815	NAN	
15	0	0.07755	NAN	
15.2	0	0.0768	NAN	
15.4	0	0.07635	NAN	
15.6	0	0.07575	NAN	
15.8	0	0.07485	NAN	
16	0	0.07365	NAN	
16.2	0	0.07275	NAN	
16.4	0	0.0723	NAN	
16.6	0	0.0714	NAN	
16.8	0	0.0705	NAN	
17	0	0.0696	NAN	
17.2	0	0.06855	NAN	
17.4	0	0.0681	NAN	
17.6	0	0.06735	NAN	
17.8	0	0.06705	NAN	
18	0	0.06645	NAN	
18.2	0	0.0657	NAN	
18.4	0	0.0657	NAN	
18.6	0	0.0654	NAN	
18.8	0	0.06555	NAN	
19	0	0.0654	NAN	
19.2	0	0.06555	NAN	
19.4	0	0.0657	NAN	
19.6	0	0.0657	NAN	
19.8	0	0.0663	NAN	
20	0	0.06645	NAN	
20.2	0	0.0669	NAN	
20.4	0	0.0675	NAN	
20.6	0	0.06795	NAN	
20.8	0	0.069	NAN	
21	0	0.0699	NAN	
21.2	0	0.0705	NAN	
21.4	0	0.0714	NAN	
21.6	0	0.07215	NAN	
21.8	0	0.0729	NAN	
22	0	0.0741	NAN	
22.2	0	0.07485	NAN	
22.4	0	0.0756	NAN	
22.6	0	0.0759	NAN	
22.8	0	0.0768	NAN	
23	0	0.07785	NAN	
23.2	0	0.07845	NAN	
23.4	0	0.0789	NAN	
23.6	0	0.0789	NAN	
23.8	0	0.07905	NAN	
24	0	0.0789	NAN	
24.2	0	0.0792	NAN	
24.4	0	0.07905	NAN	
24.6	0	0.0783	NAN	
24.8	0	0.078	NAN	
25	0	0.0771	NAN	
25.2	0	0.07725	NAN	
25.4	0	0.07665	NAN	
25.6	0	0.0756	NAN	
25.8	0	0.07485	NAN	
26	0	0.07365	NAN	
26.2	0	0.07305	NAN	
26.4	0	0.07245	NAN	
26.6	0	0.0717	NAN	
26.8	0	0.07035	NAN	
27	0	0.0696	NAN	
27.2	0	0.0687	NAN	
27.4	0	0.06825	NAN	
27.6	0	0.0678	NAN	
27.8	0	0.0669	NAN	
28	0	0.0666	NAN	
28.2	0	0.0657	NAN	
28.4	0	0.06585	NAN	
28.6	0	0.0657	NAN	
28.8	0	0.06585	NAN	
29	0	0.0654	NAN	
29.2	0	0.06525	NAN	
29.4	0	0.0654	NAN	
29.6	0	0.06585	NAN	
29.8	0	0.066	NAN	
30	0	0.0666	NAN	
30.2	0	0.06705	NAN	
30.4	0	0.0675	NAN	
30.6	0	0.0684	NAN	
30.8	0	0.06915	NAN	
31	0	0.0702	NAN	
31.2	0	0.0708	NAN	
31.4	0	0.07125	NAN	
31.6	0	0.0723	NAN	
31.8	0	0.07305	NAN	
32	0	0.0741	NAN	
32.2	0	0.0747	NAN	
32.4	0	0.0756	NAN	
32.6	0	0.0762	NAN	
32.8	0	0.0771	NAN	
33	0	0.07815	NAN	
33.2	0	0.0786	NAN	
33.4	0	0.07875	NAN	
33.6	0	0.0786	NAN	
33.8	0	0.07905	NAN	
34	0	0.0795	NAN	
34.2	0	0.07905	NAN	
34.4	0	0.0786	NAN	
34.6	0	0.0783	NAN	
34.8	0	0.078	NAN	
35	0	0.0777	NAN	
35.2	0	0.07725	NAN	
35.4	0	0.0765	NAN	
35.6	0	0.07545	NAN	
35.8	0	0.0747	NAN	
36	0	0.07395	NAN	
36.2	0	0.07335	NAN	
36.4	0	0.0723	NAN	
36.6	0	0.07125	NAN	
36.8	0	0.07035	NAN	
37	0	0.0696	NAN	
37.2	0	0.06885	NAN	
37.4	0	0.06825	NAN	
37.6	0	0.0675	NAN	
37.8	0	0.06675	NAN	
38	0	0.0663	NAN	
38.2	0	0.066	NAN	
38.4	0	0.066	NAN	
38.6	0	0.0654	NAN	
38.8	0	0.0654	NAN	
39	0	0.06525	NAN	
39.2	0	0.06525	NAN	
39.4	0	0.0657	NAN	
39.6	0	0.066	NAN	
39.8	0	0.06615	NAN	
40	0	0.0663	NAN	
40.2	0	0.06675	NAN	
40.4	0	0.06735	NAN	
40.6	0	0.06825	NAN	
40.8	0	0.06915	NAN	
41	0	0.06975	NAN	
41.2	0	0.0702	NAN	
41.4	0	0.07125	NAN	
41.6	0	0.07275	NAN	
41.8	0	0.07335	NAN	
42	0	0.0738	NAN	
42.2	0	0.0747	NAN	
42.4	0	0.07545	NAN	
42.6	0	0.0765	NAN	
42.8	0	0.0771	NAN	
43	0	0.078	NAN	
43.2	0	0.0783	NAN	
43.4	0	0.07875	NAN	
43.6	0	0.07905	NAN	
43.8	0	0.07905	NAN	
44	0	0.0795	NAN	
44.2	0	0.0789	NAN	
44.4	0	0.0786	NAN	
44.6	0	0.07815	NAN	
44.8	0	0.07785	NAN	
45	0	0.0774	NAN	
45.2	0	0.0768	NAN	
45.4	0	0.07635	NAN	
45.6	0	0.0756	NAN	
45.8	0	0.0747	NAN	
46	0	0.07395	NAN	
46.2	0	0.07305	NAN	
46.4	0	0.07215	NAN	
46.6	0	0.0711	NAN	
46.8	0	0.0702	NAN	
47	0	0.06975	NAN	
47.2	0	0.069	NAN	
47.4	0	0.06825	NAN	
47.6	0	0.06735	NAN	
47.8	0	0.0669	NAN	
48	0	0.06645	NAN	
48.2	0	0.066	NAN	
48.4	0	0.0657	NAN	
48.6	0	0.0654	NAN	
48.8	0	0.0651	NAN	
49	0	0.06525	NAN	
49.2	0	0.0657	NAN	
49.4	0	0.06585	NAN	
49.6	0	0.0657	NAN	
49.8	0	0.0657	NAN	
50	0	0.06615	NAN	
50.2	0	0.0669	NAN	
50.4	0	0.06795	NAN	
50.6	0	0.06825	NAN	
50.8	0	0.06885	NAN	
51	0	0.06975	NAN	
51.2	0	0.0705	NAN	
51.4	0	0.0717	NAN	
51.6	0	0.0726	NAN	
51.8	0	0.07335	NAN	
52	0	0.0738	NAN	
52.2	0	0.07485	NAN	
52.4	0	0.0756	NAN	
52.6	0	0.0765	NAN	
52.8	0	0.0774	NAN	
53	0	0.0777	NAN	
53.2	0	0.07815	NAN	
53.4	0	0.0786	NAN	
53.6	0	0.07935	NAN	
53.8	0	0.0789	NAN	
54	0	0.07905	NAN	
54.2	0	0.0789	NAN	
54.4	0	0.0786	NAN	
54.6	0	0.0783	NAN	
54.8	0	0.078	NAN	
55	0	0.07725	NAN	
55.2	0	0.07665	NAN	
55.4	0	0.0759	NAN	
55.6	0	0.0756	NAN	
55.8	0	0.07485	NAN	
56	0	0.0738	NAN	
56.2	0	0.0729	NAN	
56.4	0	0.07185	NAN	
56.6	0	0.0711	NAN	
56.8	0	0.0705	NAN	
57	0	0.06975	NAN	
57.2	0	0.06885	NAN	
57.4	0	0.0678	NAN	
57.6	0	0.06735	NAN	
57.8	0	0.0669	NAN	
58	0	0.06645	NAN	
58.2	0	0.066	NAN	
58.4	0	0.06585	NAN	
58.6	0	0.0654	NAN	
58.8	0	0.0654	NAN	
59	0	0.06555	NAN	
59.2	0	0.0657	NAN	
59.4	0	0.06555	NAN	
59.6	0	0.06555	NAN	
59.8	0	0.06615	NAN	
60	0	0.0666	NAN	
60.2	0	0.06705	NAN	
60.4	0	0.0678	NAN	
60.6	0	0.0684	NAN	
60.8	0	0.069	NAN	
61	0	0.07005	NAN	
61.2	0	0.07095	NAN	
61.4	0	0.0717	NAN	
61.6	0	0.07215	NAN	
61.8	0	0.0732	NAN	
62	0	0.07395	NAN	
62.2	0	0.07515	NAN	
62.4	0	0.0759	NAN	
62.6	0	0.07665	NAN	
62.8	0	0.07725	NAN	
63	0	0.0774	NAN	
63.2	0	0.0786	NAN	
63.4	0	0.07875	NAN	
63.6	0	0.0792	NAN	
63.8	0	0.07905	NAN	
64	0	0.07875	NAN	
64.2	0	0.0789	NAN	
64.4	0	0.0786	NAN	
64.6	0	0.0786	NAN	
64.8	0	0.07785	NAN	
65	0	0.0774	NAN	
65.2	0	0.0768	NAN	
65.4	0	0.0765	NAN	
65.6	0	0.07575	NAN	
65.8	0	0.0747	NAN	
66	0	0.0738	NAN	
66.2	0	0.07275	NAN	
66.4	0	0.072	NAN	
66.6	0	0.0714	NAN	
66.8	0	0.0705	NAN	
67	0	0.0696	NAN	
67.2	0	0.06855	NAN	
67.4	0	0.0678	NAN	
67.6	0	0.06735	NAN	
67.8	0	0.06675	NAN	
68	0	0.0663	NAN	
68.2	0	0.066	NAN	
68.4	0	0.06555	NAN	
68.6	0	0.0654	NAN	
68.8	0	0.0654	NAN	
69	0	0.0651	NAN	
69.2	0	0.0654	NAN	
69.4	0	0.06525	NAN	
69.6	0	0.06585	NAN	
69.8	0	0.06615	NAN	
70	0	0.06675	NAN	
70.2	0	0.06675	NAN	
70.4	0	0.0675	NAN	
70.6	0	0.06825	NAN	
70.8	0	0.069	NAN	
71	0	0.07005	NAN	
71.2	0	0.07095	NAN	
71.4	0	0.0714	NAN	
71.6	0	0.0723	NAN	
71.8	0	0.0732	NAN	
72	0	0.07425	NAN	
72.2	0	0.0753	NAN	
72.4	0	0.07575	NAN	
72.6	0	0.07635	NAN	
72.8	0	0.07725	NAN	
73	0	0.07785	NAN	
73.2	0	0.07875	NAN	
73.4	0	0.0786	NAN	
73.6	0	0.07875	NAN	
73.8	0	0.0792	NAN	
74	0	0.07875	NAN	
74.2	0	0.07905	NAN	
74.4	0	0.07845	NAN	
74.6	0	0.07845	NAN	
74.8	0	0.0777	NAN	
75	0	0.0771	NAN	
75.2	0	0.0768	NAN	
75.4	0	0.07605	NAN	
75.6	0	0.07515	NAN	
75.8	0	0.07455	NAN	
76	0	0.07365	NAN	
76.2	0	0.07275	NAN	
76.4	0	0.07215	NAN	
76.6	0	0.0714	NAN	
76.8	0	0.0702	NAN	
77	0	0.0693	NAN	
77.2	0	0.06855	NAN	
77.4	0	0.0681	NAN	
77.6	0	0.0675	NAN	
77.8	0	0.06645	NAN	
78	0	0.06615	NAN	
78.2	0	0.0654	NAN	
78.4	0	0.0654	NAN	
78.6	0	0.06555	NAN	
78.8	0	0.0657	NAN	
79	0	0.06555	NAN	
79.2	0	0.06525	NAN	
79.4	0	0.0657	NAN	
79.6	0	0.066	NAN	
79.8	0	0.06615	NAN	
80	0	0.06645	NAN	
80.2	0	0.06675	NAN	
80.4	0	0.0675	NAN	
80.6	0	0.06825	NAN	
80.8	0	0.0693	NAN	
81	0	0.07005	NAN	
81.2	0	0.07065	NAN	
81.4	0	0.0714	NAN	
81.6	0	0.0723	NAN	
81.8	0	0.07335	NAN	
82	0	0.0744	NAN	
82.2	0	0.07485	NAN	
82.4	0	0.0753	NAN	
82.6	0	0.07635	NAN	
82.8	0	0.07725	NAN	
83	0	0.078	NAN	
83.2	0	0.0783	NAN	
83.4	0	0.07875	NAN	
83.6	0	0.07875	NAN	
83.8	0	0.07875	NAN	
84	0	0.0792	NAN	
84.2	0	0.07875	NAN	
84.4	0	0.0786	NAN	
84.6	0	0.07785	NAN	
84.8	0	0.0774	NAN	
85	0	0.0774	NAN	
85.2	0	0.0765	NAN	
85.4	0	0.0759	NAN	
85.6	0	0.0753	NAN	
85.8	0	0.07455	NAN	
86	0	0.0735	NAN	
86.2	0	0.0729	NAN	
86.4	0	0.07215	NAN	
86.6	0	0.07095	NAN	
86.8	0	0.0702	NAN	
87	0	0.0693	NAN	
87.2	0	0.06885	NAN	
87.4	0	0.06795	NAN	
87.6	0	0.06735	NAN	
87.8	0	0.0663	NAN	
88	0	0.06585	NAN	
88.2	0	0.066	NAN	
88.4	0	0.0657	NAN	
88.6	0	0.06555	NAN	
88.8	0	0.06525	NAN	
89	0	0.0654	NAN	
89.2	0	0.06525	NAN	
89.4	0	0.0657	NAN	
89.6	0	0.066	NAN	
89.8	0	0.066	NAN	
90	0	0.06645	NAN	
90.2	0	0.0669	NAN	
90.4	0	0.0678	NAN	
90.6	0	0.06855	NAN	
90.8	0	0.0696	NAN	
91	0	0.07005	NAN	
91.2	0	0.07095	NAN	
91.4	0	0.0714	NAN	
91.6	0	0.07275	NAN	
91.8	0	0.07335	NAN	
92	0	0.0741	NAN	
92.2	0	0.07485	NAN	
92.4	0	0.0759	NAN	
92.6	0	0.0768	NAN	
92.8	0	0.0777	NAN	
93	0	0.07785	NAN	
93.2	0	0.0783	NAN	
93.4	0	0.07845	NAN	
93.6	0	0.0792	NAN	
93.8	0	0.0792	NAN	
94	0	0.0789	NAN	
94.2	0	0.0786	NAN	
94.4	0	0.0786	NAN	
94.6	0	0.07815	NAN	
94.8	0	0.078	NAN	
95	0	0.07755	NAN	
95.2	0	0.0768	NAN	
95.4	0	0.07575	NAN	
95.6	0	0.0753	NAN	
95.8	0	0.0747	NAN	
96	0	0.0738	NAN	
96.2	0	0.07305	NAN	
96.4	0	0.07185	NAN	
96.6	0	0.0708	NAN	
96.8	0	0.0699	NAN	
97	0	0.0696	NAN	
97.2	0	0.06885	NAN	
97.4	0	0.0678	NAN	
97.6	0	0.0672	NAN	
97.8	0	0.06675	NAN	
98	0	0.0666	NAN	
98.2	0	0.06585	NAN	
98.4	0	0.06555	NAN	
98.6	0	0.0654	NAN	
98.8	0	0.06525	NAN	
99	0	0.0654	NAN	
99.2	0	0.06555	NAN	
99.4	0	0.0657	NAN	
99.6	0	0.0657	NAN	
99.8	0	0.0657	NAN	
100	0	0.0666	NAN	
